126 5f6a7ae36285050b1b4a1e846723fd739a106dab 1 -2 2 -1
413 631a7d8e055620f0d76a2fc15637b713c0d94a1b 1 -1 0 0
1716 8f239ee586a8667d0657ddf01c2b6e830f0a850f 1 -1 0 0
1800 f91d5fbd355e155f0032f0bb66e6ee8b42ec75b0 2 -2 4 0
2266 c56d2c6a983e7fdc32239444b69a3f32d07aa52e 2 -1 2 1
2365 87499dcfeb3d4743be6af68be1aa08296fba7f0e 1 -1 0 0
2718 1674eb32ee9caa0e0e016de9aea7a5512fdddc98 2 -1 2 1
3401 9b74c94f89b0fbfd2fd122638401c2771e89fd6c 1 -1 0 0
3800 de2eb3f19a6ae5b5d15c4e2bd1831c9cacc72af7 2 -1 2 1
3859 e5978c0a7f3fa85c30a5b441cf14ba539e66e17e 1 -2 2 -1
4167 b6d1ca94bde164881bfcd7167401d0d8397e7cb4 1 -1 0 0
4884 b3e036d9a9b99d60dc6683a2dfd1068a172b1a8a 1 -1 0 0
5135 f28b422a0e44b9b046db77e12c9bb146cc1de3a2 1 -1 0 0
5176 52b025e4c7406878c5a4c501741a4862432de44e 1 -1 0 0
6848 80a11debd57b48faedd890b03fe163b1f6dccdc7 1 -1 0 0
7803 156ecbae2b1f625c94af5e7a1bde741af6128a6c 1 -1 0 0
7824 2bc8f15806bc747b2f4ddff04f97ffa445d7ddd0 1 -1 0 0
8130 d6c71cc95e394f14e4f465528fb4b87e890cec33 1 -1 0 0
8139 2185fbba9dbd4bb2aff8528c31f357029aab7bf8 2 -1 2 1
9069 28c3a9f40b344e999d50a9ce5606890e34aaa727 2 -1 2 1
9072 49f8a2a07e92280c8089ff9392192d7c3a4baf8b 1 -1 0 0
9574 3d2068c4f3e45584c7a9ef5e6b8c86c3a25ead57 1 -1 0 0
10614 eefda7a4ced07449817024a36518b26490860bd0 1 -1 0 0

  MEAN POSITIVE   2
   mean negative  2 
 mean commulative  0.78
 mean commulative  subtract0.13