1802 c498c4d20beb9172844f7cb2e0527e312c310065 2 -2 4 0
1804 22b7292d08db6d0fb21b74ddf1f5ecd71a703464 1 -1 0 0
3286 4b9f5d2194c217f389d0b8f2f982f04fe24bf39d 1 -1 0 0
4002 e65be75ea40f81a0a4a61fa1023350727732293f 1 -1 0 0
6429 36c7da419d741542d9a1fd609ddac52203d68c6f 1 -1 0 0
6430 54c01c420c12f0ed888c3f3a8ae2a401c5180270 1 -2 2 -1
6671 23e9eaa6e83b6cc4db200f5d0317446ceb1d1bc5 1 -1 0 0
6874 d157ad12e22b4d481e45a31e6a901bde2126b165 2 -1 2 1
7919 b4bcb7a37111a3dee28a87a999ebca930e716a3b 2 -2 4 0
9062 a0030bc17ca62638daf8ba0d9c2e98b21778001b 1 -1 0 0
10476 9e53b887d55746cb2250f4bfe682679e64a69e62 1 -1 0 0

  MEAN POSITIVE   2
   mean negative  2 
 mean commulative  1.09
 mean commulative  subtract0