2303 10bccd1827bdd8b9a17e6b7d4a80de621c786e45 1 -1 0 0
2365 87499dcfeb3d4743be6af68be1aa08296fba7f0e 1 -1 0 0
5097 556a3d2c5e9c25966db675dd8400586a06c959fe 1 -1 0 0
5579 28ab52c66fb941e5f3f6b5f1329bcf9de7635a85 1 -1 0 0
5643 b494a12e562060117de761589a91c5f338fdbe1f 1 -3 3 -2
6225 b821f3a25832765d344142d64fd78f56fef26543 1 -1 0 0
6874 d157ad12e22b4d481e45a31e6a901bde2126b165 2 -1 2 1
7192 22a35c08668f24d3a859607a15cac041229e064e 1 -1 0 0
7215 3ba50e8b4e6b315a66dcff4bdf80ad8e21533bc8 1 -3 3 -2
7217 48f177ef59faca1d371686742459154909328762 1 -1 0 0
7220 b81af89001e7c1f344bcf73ec25747ba88d3f531 1 -1 0 0
7222 9b56ba69a1268984c515431ffd757f9cb1696816 1 -3 3 -2
7225 2a279c6c4203a93b4e969703e03d689fce6acd0b 1 -1 0 0
7229 6c5fa7dc562e71a0ff0dfd0da267962b4ba621b9 1 -1 0 0
7234 80d10ca9a60ca6ddbac1b166de7849312b35ec5f 1 -1 0 0
7236 881be90e07694a7ac32da2479c23456fa34e67b8 1 -1 0 0
7237 03856377ff0f9e94af608da8006a826e21a1b9ba 1 -1 0 0
7241 35f403e0381f3935118db0bc6b92a47553b4c9b7 1 -1 0 0
7862 855b5fe10a28912b1003cea702f6bef0d67b7810 1 -1 0 0

  MEAN POSITIVE   2
   mean negative  3 
 mean commulative  0.58
 mean commulative  subtract-0.26