319 5b261fc7b42b1e632167641d4048fac72157360d 1 -1 0 0
3444 fe2f40807f88b0352c1990bd4eeedb350c77b63c 2 -2 4 0
5097 556a3d2c5e9c25966db675dd8400586a06c959fe 1 -1 0 0
6874 d157ad12e22b4d481e45a31e6a901bde2126b165 2 -1 2 1
7412 4ff1caf5705202d583bd910b11fa09b604e6f937 1 -1 0 0
8070 c45b21fabd9962cab5e891183326c09a46328952 1 -1 0 0
10570 c297903abadf6f67a316afd3bdd6195f643f0ad6 1 -1 0 0
10571 3f70e463c56cc4eb287d4938a2b4d409d4436881 1 -1 0 0

  MEAN POSITIVE   2
   mean negative  2 
 mean commulative  0.75
 mean commulative  subtract0.12