459 a7805586489e51d542ebaadfce981b88dc67fe4a 1 -2 2 -1
469 acac7575718df6efff9cfa1a2e3beec5e1e606eb 1 -1 0 0
1208 e9f252c777cb2f0b4879623411a33c6cec910aa6 2 -1 2 1
1492 e8158964daa82a376713a59079edb316fb297262 2 -2 4 0
1587 0a976f56408db39e4e50648f5c51dd0ec56246a2 1 -1 0 0
2081 02ba6a87909b634b0b023a0a0ff093564989bfa2 1 -1 0 0
3798 7fea2de0d9ba9e4f8d9656b42df44afcaab5ede4 1 -1 0 0
4212 cbe7380a4d3c6ccb4dd661e2b6c4fda42b59319b 2 -1 2 1
5219 c32aef6defc01c50d7a14638819f7034627d9246 1 -1 0 0
6954 d2dabd34f0eb720b773e0cfad02d9ac70d8047b0 1 -1 0 0
7597 b95f5e4bb7964c1ba326a6004f0ea215dbfdba78 1 -1 0 0

  MEAN POSITIVE   2
   mean negative  2 
 mean commulative  0.91
 mean commulative  subtract0.09