1240 cc23448433e0533fdba86d8b27f11713bb772c47 1 -1 0 0
2081 02ba6a87909b634b0b023a0a0ff093564989bfa2 1 -1 0 0
2304 e46b4ea5bb356750dd9442c94a9c4b24ae8f5edc 2 -1 2 1
2326 1cded4332345aa0fa49e453eaa22834e024c7252 2 -1 2 1
3798 7fea2de0d9ba9e4f8d9656b42df44afcaab5ede4 1 -1 0 0
6058 a24b925af3a5bf99da346f7c63610d0cfb41d29c 1 -2 2 -1
6120 f77fd4c441e55cf827c80e4c51fa6be92073557d 1 -1 0 0
6798 0d5e1674a6ff6e63e6c1da92dcaa5050c71b1ba5 1 -1 0 0
7597 b95f5e4bb7964c1ba326a6004f0ea215dbfdba78 1 -1 0 0
8915 65a79e6ccfa08931422d17de98fb98405461a91c 1 -1 0 0

  MEAN POSITIVE   2
   mean negative  2 
 mean commulative  0.6
 mean commulative  subtract0.1