286 db679c3e22c63f344261f69dc801ee9d4483f295 1 -1 0 0
339 08db2b0ee0e7168f2185aad78b5d7044cc002a77 1 -1 0 0
479 47a7a5b78cfa749a3bb8501739b0fc153873474f 1 -1 0 0
604 1de4b35d2fcbbcee4a8d7cf30f45eef127879540 1 -1 0 0
1130 463332a53ab8a8335dcd43270ab8b447492ed79b 1 -1 0 0
1231 7ceddcb60b490f9e7f2c4d6163d4446834108b5d 1 -1 0 0
1240 cc23448433e0533fdba86d8b27f11713bb772c47 1 -1 0 0
1251 50313788ac2e87f072b33975844c2659123423e5 2 -1 2 1
1418 be98770879941d048ec8668481e7442259f7339c 1 -1 0 0
2081 02ba6a87909b634b0b023a0a0ff093564989bfa2 1 -1 0 0
2178 1f5c98bcd80b8449f2b6218cc002fd4b1a4f2ae8 1 -1 0 0
2328 f4fde6bc23264c3bacd0fac93f209296998324bd 1 -1 0 0
2492 99a5db7280c683a7e1caa883d1a11fd831a0ee79 1 -1 0 0
2720 4566eb8dd1d4720323e936722ff4ec6ff24627f8 1 -1 0 0
3266 a8da460483a896c585399a23f6a2c645bf04fa77 1 -1 0 0
3798 7fea2de0d9ba9e4f8d9656b42df44afcaab5ede4 1 -1 0 0
3898 0d281c7f568323aadc7d7bcf0e1bf5d322dbd6ec 1 -1 0 0
5538 54023e9e564a3f59832bad37028a739e206741cd 1 -1 0 0
6080 d05efae0525ec5ddeadeaa43c14ad891ee97723a 1 -1 0 0
6233 f568f3a0dd6d604d17c8ea8b98835f341822a278 2 -1 2 1
6361 c5d72277e953378613aff6f948cf98040d6605ed 2 -1 2 1
6798 0d5e1674a6ff6e63e6c1da92dcaa5050c71b1ba5 1 -1 0 0
7237 301c22727893ecf4df8d98e62834d6409fe0c290 1 -1 0 0
7597 b95f5e4bb7964c1ba326a6004f0ea215dbfdba78 1 -1 0 0
8137 54ad46ccb9113b38b542f74145f4eab36adaf3b6 1 -1 0 0
8332 84cf3344c1135f05f34a56f1ac6d3a76bd0d9216 1 -1 0 0
8587 fb253d44ad6404469ad1fd000b74dbf24f8e9799 1 -2 2 -1
8768 72714450aa70d33d9dbc3712c08bb3ef382653a7 1 -1 0 0
9009 b2d8988c22a3f507193470235c1cc3b859ce5363 1 -1 0 0

  MEAN POSITIVE   2
   mean negative  2 
 mean commulative  0.28
 mean commulative  subtract0.07