286 db679c3e22c63f344261f69dc801ee9d4483f295 1 -1 0 0
459 a7805586489e51d542ebaadfce981b88dc67fe4a 1 -2 2 -1
997 7636d1faf5459e16c92c27b18ef2b5ad503a1424 1 -1 0 0
1492 e8158964daa82a376713a59079edb316fb297262 2 -2 4 0
2610 f22d1a353f9b4edd977ea7e86df646df48e09a0d 3 -1 3 2
2611 c827679d780772739770bccf61631cbfac7fd014 2 -1 2 1
3798 7fea2de0d9ba9e4f8d9656b42df44afcaab5ede4 1 -1 0 0
4212 cbe7380a4d3c6ccb4dd661e2b6c4fda42b59319b 2 -1 2 1
5237 5d53e55efa30c01a948ec1f0e85067340f401f54 2 -1 2 1
5327 f538bf34c52181e7d0750281e6f544188af60cab 1 -1 0 0
6187 026d067ed4ffb575a93792efbda62d7944c3b855 2 -1 2 1
8160 f8ca79eaec7b38cee832fedf7511a9f167337275 1 -1 0 0

  MEAN POSITIVE   2.17
   mean negative  2 
 mean commulative  1.42
 mean commulative  subtract0.42