599 f73ad1c2e27d2418e428eb80d5047c5bf2b2770d 1 -2 2 -1
848 7d09c0064b29ae0b502fbc4b76f505e0f5a3c4a3 1 -1 0 0
851 b7b57ef39a313ca2c743a96f92d5951b8e2b390a 1 -2 2 -1
1093 389380a590e7ec98c8736be99d4135f5b5e50c32 2 -2 4 0
1452 fa0efbc4ca9b304e6e67326912e65263a996c56a 1 -1 0 0
1459 9afccd11b1b52bbf37c639e7944f7d1b12ba0a20 2 -1 2 1
2206 e36994e36bd9028601f75dff4939809fe8747c76 1 -1 0 0
2432 7420ed098e722610dbf9dcac00320a30ca1ba073 1 -1 0 0
3645 8ca3390ee06c33febbf2e641fb6bf6f73f32e5a3 1 -2 2 -1
4268 16e1bbd380de4b82859016d311c31d10c4b686a5 2 -2 4 0
4328 102c8b1f596bb4266f1f5557423e832c1361d597 2 -2 4 0
4388 ef2f6d90d20e8d261e88f7a78f204a185232619f 3 -2 5 1
4729 4ed9f437e963ff5c93edf3dd2800c6b6d4ffbdee 1 -2 2 -1
5230 693672a46132235590ccf482a5c418b03dc7ba21 1 -2 2 -1
5675 e016491a3db9b6c71e5537b68152c9648d9fee50 3 -2 5 1
5680 35b4bba35e685b9ef3d76a89598905aa33071f3f 1 -1 0 0
5787 5dce16a8f1231ca2a7872c1efdee083bb85dc76c 2 -2 4 0
5841 01e6492ba9ae932c9ee7e34a98d232b984d57611 1 -2 2 -1
6009 7b17bcd0af2c4609a5dd3e83b007d3f383cf7ae9 2 -1 2 1
6141 7578678f9933bd82fdf5996fec16052929445078 1 -4 4 -3
6158 1017a38f387b0b6ab114ff231692bb38a35bd411 1 -2 2 -1
6773 c0528cd88e18851c44dbc693bbf49f066491d5a7 1 -2 2 -1
6776 08f2214f1463c4efbc2be3439d7ad5f95cef9445 1 -1 0 0
6920 70059a0fc95f5fa707d0ac76c319bf562ac9511f 1 -1 0 0
6935 98f921fe24f87e4987bf67195cc5917d44437417 2 -1 2 1
6984 a048f5cdf118e260096def612f8fe3fa4ef35a18 1 -1 0 0
7065 d549347f252c64eed3da575c339b56de50427afc 1 -1 0 0
7296 d3b1732cca338ce032ce9e5818cfe1d28f509d68 1 -1 0 0
7808 a1d33f8791a522ae58e45e7cece5128ecb2a7e8d 1 -1 0 0
7888 c2e5a68aaf5f86125b3f3c70c64c616365fc8a44 1 -1 0 0
8029 9eeb5f79d42cec0f2a2af587eab965c70fa62990 1 -1 0 0
8030 f2946fa3e8d047f28431f8a324b59689aea27729 1 -1 0 0
8119 819862e04e7475d06a01161cad83e3bda25672c8 2 -2 4 0
8238 a9dfbfb30973e1a831997eee94cf655d8b782c58 3 -2 5 1
8284 e293d65edeea09e6f56b4e5c7244c2b7fb99555e 3 -1 3 2
8839 08ece8df79c8f23af2ed7a04f0e987692d23abb1 1 -2 2 -1
8856 30babbf5b9991c3ed4feca5368ce2c6b1f744563 1 -1 0 0
8858 919a86e8766cbaa7bc822e22aadce593c397ca48 2 -1 2 1

  MEAN POSITIVE   2.31
   mean negative  2.11 
 mean commulative  1.79
 mean commulative  subtract-0.08