1155 fac9932938f1275015aa0b93a82fb9bd52dd391d 1 -2 2 -1
1574 b7511c5ff3b36e16037bfbbbd17b9fd4c9ea47af 1 -2 2 -1
1689 fe5724b6ea7c77f3f38f35b2d29d118860b6fc2a 1 -1 0 0
3245 e16bc2cbd9ff13bdb96e90c2d083908099aa82e8 3 -2 5 1
3773 ee6f112556bf5825f70aea5761cea73f0179e887 1 -1 0 0
5230 693672a46132235590ccf482a5c418b03dc7ba21 1 -2 2 -1
6774 b6f8e33f4c754b5638ecbc74447fa8bd98146b17 1 -1 0 0
7007 b1376e42167ceacff5ad3a8a50483c48a1e9f44e 2 -1 2 1
7065 d549347f252c64eed3da575c339b56de50427afc 1 -1 0 0
7814 5c321f96303d48e2dcfcf24b898b839161c2e43b 1 -2 2 -1

  MEAN POSITIVE   2.5
   mean negative  2 
 mean commulative  1.5
 mean commulative  subtract-0.2