49 41068b698513ffafa38df40bb9b07ced2fcbd75b 2 -4 6 -2
1454 4f09453470d3f86cd985eb31215623ae8d62a1d8 1 -1 0 0
2081 36c7f832082c57281d21ba9e2fa023ad2b47f5a0 1 -1 0 0
3245 e16bc2cbd9ff13bdb96e90c2d083908099aa82e8 3 -2 5 1
3683 8c262eb605ae1bb3f2766c1fadde1096ae2789c2 2 -2 4 0
4042 cacdac391486f7ee4a3b9f5bcc4730ac310721b8 1 -1 0 0
4157 cba18116e4dbb56c6ce91f8c6b5de70959d9842e 3 -1 3 2
4328 102c8b1f596bb4266f1f5557423e832c1361d597 2 -2 4 0
7015 61b5fb82ce093634da5892fd514067eb1924e6ec 1 -1 0 0

  MEAN POSITIVE   2.4
   mean negative  2.5 
 mean commulative  2.44
 mean commulative  subtract0.11