599 f73ad1c2e27d2418e428eb80d5047c5bf2b2770d 1 -2 2 -1
2294 03741fb6406fa8381db9786e3f038c3db7afd828 1 -1 0 0
2392 f3049fba63899bfb35f245198b829472f480c9fa 1 -1 0 0
3236 f608ed6d5a81061acae3e6b9aebce46f45845d45 1 -1 0 0
3462 9c36b0a39bd46381f42c0236a2d9ee4e69f31c9a 2 -2 4 0
3706 ef38fd1e0ee2bc92734dc4496ce75b9963e00670 1 -2 2 -1
4253 895cb39f41df012009701bf725903530ff3367e1 2 -1 2 1
4277 5d2c2bd28036adb174534508a3de3783a673fa41 1 -1 0 0
5564 ef47a69c5099927f354cf22d614482e4b3ba6035 2 -3 5 -1
6155 87f8fb7282dd6e43fac0ed2f797a841493f851f5 1 -1 0 0
6364 c231547204f09fd5dfc6aa0fcd16fe1e07c5cce8 1 -1 0 0
6926 1d46de6d340ff180735df1b5f2894c2cffa4638d 1 -1 0 0
7156 3b1fabeff070fa9289c85401824e285aae2d2ea6 1 -1 0 0
7843 d8fbb2b62cd21ef7ed7d2d8fc10bfee900a5a62f 1 -1 0 0
7879 6a25f0b9c58ab3fa0e0509cca208671b7182e9bb 1 -1 0 0
8808 e812cfbf5542d993a7b982ca5e419485d0a8ad2d 1 -1 0 0
8934 6bcdac5c6253dcc329b9e00de91c0ec46ff3f221 1 -1 0 0

  MEAN POSITIVE   2
   mean negative  2.25 
 mean commulative  0.88
 mean commulative  subtract-0.12