851 b7b57ef39a313ca2c743a96f92d5951b8e2b390a 1 -2 2 -1
2415 9f06f6c4930cb317f70c7902cf099366cca5856e 1 -1 0 0
4253 895cb39f41df012009701bf725903530ff3367e1 2 -1 2 1
4800 7880863eb7d0d79b2df34df05103c604a85e7124 1 -2 2 -1
6776 08f2214f1463c4efbc2be3439d7ad5f95cef9445 1 -1 0 0
6940 4fbb6d05d0441e21490a5b0ec032bb8c2200955b 1 -2 2 -1
7065 d549347f252c64eed3da575c339b56de50427afc 1 -1 0 0
7191 ce38fa7c81b3097c286bc12621a2b83504d646e8 1 -1 0 0
7357 14477bb48e46c198a181e5391504819229578b24 1 -1 0 0
8757 e3ac0cb500504f62136681db0bde456c148a5be4 1 -1 0 0

  MEAN POSITIVE   2
   mean negative  2 
 mean commulative  0.8
 mean commulative  subtract-0.2