2195 f8a56bc64be83f1a9ff12102282672adc42c01d6 1 -1 0 0
2218 e5fde0d16bbbbbeca9802d5828a077c8036676fa 2 -1 2 1
2432 7420ed098e722610dbf9dcac00320a30ca1ba073 1 -1 0 0
3245 e16bc2cbd9ff13bdb96e90c2d083908099aa82e8 3 -2 5 1
3385 f619dd3ca7f1a616f62389aa36d9597a7d92598a 1 -1 0 0
4157 cba18116e4dbb56c6ce91f8c6b5de70959d9842e 3 -1 3 2
4328 102c8b1f596bb4266f1f5557423e832c1361d597 2 -2 4 0
4388 ef2f6d90d20e8d261e88f7a78f204a185232619f 3 -2 5 1
5364 178cf64a0c817b7d6c75e47ad18432e18e4ae0ec 1 -2 2 -1
5511 7b7d3341f00fe9ed47314a58c232b91ba1f56309 1 -2 2 -1
5558 6eeb1693ca818c96d6e08ffbb79b4bd9940058ea 2 -1 2 1
5675 e016491a3db9b6c71e5537b68152c9648d9fee50 3 -2 5 1
5893 8573b0bc6f1ff2e5a99c73ca2541743d79d93eaf 1 -1 0 0
6130 b241e0915b24b6c8744e0b31867717439fa570ee 1 -1 0 0
6330 956b570c8eba46cf4e6cf8f1f1091a833f90a04b 2 -1 2 1
6583 87e863b48dd45f42ec19ca194474f72a2c0d2627 1 -1 0 0
6776 08f2214f1463c4efbc2be3439d7ad5f95cef9445 1 -1 0 0
6978 9fb50e9bd99e6d48648815fbef9e732f26248627 1 -1 0 0
7651 a864c2f025a27642d8ecc9ad0a2a67e02352fc0f 1 -1 0 0
7698 0087234ed72fcf4230002ba2fafb23f503521ce5 1 -1 0 0
7827 9cfd89c54f68102d6923f9f4cfcf348a36588faf 1 -1 0 0
7974 9e26550b0d5e08ef89677d53fda6f896965c3121 1 -1 0 0
8119 819862e04e7475d06a01161cad83e3bda25672c8 2 -2 4 0
8757 e3ac0cb500504f62136681db0bde456c148a5be4 1 -1 0 0

  MEAN POSITIVE   2.44
   mean negative  2 
 mean commulative  1.5
 mean commulative  subtract0.25