149 4a879f2d1bb6f07c84c418df6f33236935745f90 1 -1 0 0
920 05d98d091b5e0279a778b8c8c9538ee61b2c8350 1 -2 2 -1
923 af0ae19a9e2c4da2193a186389dc085ceeaee701 1 -1 0 0
1167 9419d2362954e44da63ae42e1a73b49756bdafbc 1 -1 0 0
1696 d1cc65f04b91b007bc77fc170f56cda742c06474 1 -1 0 0
1720 08acbe921c8cd4f4d19b12a425323ec3c3a3d44c 1 -1 0 0
2296 9c8495343725944844390fcf3dbb33adde0902d4 1 -1 0 0
2522 92f55efd243068313e5b1789386291e706145579 1 -1 0 0
2524 edc7921853e4b61511e7d0c629b3d49781468dff 1 -1 0 0
2528 b8234dee8fd24c4f2273c59a3f7490a17b5eac11 2 -1 2 1
2530 e211118b1d5969cfa310a43928c59a582eee231e 2 -1 2 1
2666 f30c80428a79d4c261c90363ebe63abf90edf469 1 -1 0 0
2808 b7a151aed39e28ecb3026806ce42c098340f16d3 1 -1 0 0
2966 eb8d5d891140e4c1053c93dc5764bc0757ed5e7d 1 -1 0 0
3030 a39972d5fc85ac0fa7ac22c7b6a577fbb23e5b9c 1 -1 0 0
3111 8c1a3a833217ac19c60c44317cf03fa46932107a 1 -1 0 0
3359 f431bf52a68908fbc6536ad6dbb83c8570c9346c 1 -1 0 0
3461 66569cc45fc70aac112277cec6a5b1735619be9e 1 -1 0 0
3541 03b4b02b9a305ef90c8ac9adf3864202f3f7302b 1 -1 0 0
4014 7b0c3e8ba5ab96b5665423765c8328460c5da806 1 -2 2 -1
4330 c3c71675aca7176d7dcda93e066f0df8e2b4b483 1 -1 0 0
4570 3a9d1ccae9941ae23abc29f7f14f3982b362774c 1 -1 0 0
4624 5e854c2f0514fc396ae15488ef0af5b649966481 1 -1 0 0
4722 96525e1a7085620fee9e0dfc3ceda26b8cdf0441 1 -1 0 0
4792 bfce0ea745802daa2bcbf0fbe105cd928c97296c 1 -2 2 -1
4905 01408057e2ad68bca465a3a0c3ee9460eed848f1 1 -1 0 0
5031 b72fc7c10350eccef3468f105644c155611a370d 1 -1 0 0
5357 19101e72595dee09eb0a25b676e8b394647381fb 1 -1 0 0
6353 02cfe070c7be505b71fba4880b53c10dd326bd39 1 -1 0 0
6697 8a4eab6636f5ee25b352867bbf812ae2f8243109 1 -1 0 0
6788 43b27cf1a3113848397dd31d50acf2cad0a42739 1 -1 0 0
6854 ae1ae086e2e576b730395257287cee0cc3099c91 1 -1 0 0
6983 c477d7a3eb608888dbea1cb7cdd2de463dd135f1 2 -1 2 1
7771 798fc942d6e949f2cb8981d87e190d552b9a8d99 1 -1 0 0
8064 cb8088e5039a188f5dbee424e6b04fa448c4b137 1 -1 0 0
8118 a05595693cf557509d12acc40b4a539998102848 1 -1 0 0
8147 7500e57c0bfa76d3d8d69c98c00f7f51bf63c47a 1 -1 0 0
8248 fc1328d9d5baeaf313987f634648112acf56537c 1 -1 0 0
8495 118aa11237733aee0854a4f2d7fb7f07cd1e11c3 1 -1 0 0
8766 4d8896efd04466f37d9c9ab5820bda468e216fcd 1 -2 2 -1
9106 a636b43cd531959d0360c137956e56883e8b5b26 1 -1 0 0
9283 740658c0d4e49554d2bb5870a80bb388984e0156 1 -2 2 -1
9650 4a286a3861f1843711a42f9927bd95bcd50ebfa8 1 -1 0 0

  MEAN POSITIVE   2
   mean negative  2 
 mean commulative  0.37
 mean commulative  subtract-0.05