2813 2095ea052739ec9f26b0797828ad66b394bd55fb 1 -1 0 0
3030 a39972d5fc85ac0fa7ac22c7b6a577fbb23e5b9c 1 -1 0 0
3301 55c90607d8c5c21a93ad4dab95345338eef8220c 2 -2 4 0
3920 e06b2ec23ee0fc3c1292ac755558bbcd3240b12c 2 -1 2 1
3947 a1f61c99ac356bc071faa40f49503e6abdc28c89 2 -1 2 1
5106 41c9c8834b56e09acd950d1f6874a1e4c899a60d 1 -1 0 0
8766 4d8896efd04466f37d9c9ab5820bda468e216fcd 1 -2 2 -1
9106 a636b43cd531959d0360c137956e56883e8b5b26 1 -1 0 0

  MEAN POSITIVE   2
   mean negative  2 
 mean commulative  1.25
 mean commulative  subtract0.12