1432 1493c7eef0ef674234bb083a3fa52fb7b4a8d19d 1 -1 0 0
1658 2d71d8e5e2bc6d6e96dbd24986d672ae747e5cef 1 -1 0 0
2961 ee47c55d215e2a53b9665e5b26b2e4b65a76be37 1 -1 0 0
2976 30274df1f148e89446d3e1c60e6f9ec57920fc21 1 -1 0 0
2979 a9254016762c00bf2aaab4fc2cae675b776c561f 2 -1 2 1
3461 66569cc45fc70aac112277cec6a5b1735619be9e 1 -1 0 0
3780 cbfd50971216e78ad37500a27deb5b93612d85e3 1 -1 0 0
3874 6d2fd8d22cbd3d13564ec24d9e3c9741f0f28e2f 1 -1 0 0
4511 3c67c4c9ece6321acaf7023dbf10ef44d9e9b148 1 -1 0 0
4624 5e854c2f0514fc396ae15488ef0af5b649966481 1 -1 0 0
8454 2591c4231c683464f4f2c11b549c204acd7afbd1 1 -1 0 0
8766 4d8896efd04466f37d9c9ab5820bda468e216fcd 1 -2 2 -1
8856 becb283babfbef0b8517bddf055fbf510df39545 1 -1 0 0
9431 3e73c39a3b17e1a7c887f7a98590f72a116f3ce6 1 -1 0 0
9448 7cade82b210b0d39356681b52287c1c734ea0e92 1 -1 0 0

  MEAN POSITIVE   2
   mean negative  2 
 mean commulative  0.27
 mean commulative  subtract0