149 4a879f2d1bb6f07c84c418df6f33236935745f90 1 -1 0 0
920 05d98d091b5e0279a778b8c8c9538ee61b2c8350 1 -2 2 -1
923 af0ae19a9e2c4da2193a186389dc085ceeaee701 1 -1 0 0
1208 892c0de041afb6e10c0e61dbbea2913d2096f969 1 -1 0 0
1316 4bfb7c2da9ae64a978f1fbe53e79a45580938f06 1 -1 0 0
1655 e33aea277ca3550609ea3a4a80205c7d2a5553d3 1 -1 0 0
1696 d1cc65f04b91b007bc77fc170f56cda742c06474 1 -1 0 0
1720 08acbe921c8cd4f4d19b12a425323ec3c3a3d44c 1 -1 0 0
1830 8afd5b34de8155ac8a3d676aa1b8b7153c1e74a3 1 -1 0 0
2469 e1a5eec77186b574493cb80bbc6e02e64840c55d 1 -1 0 0
2483 85ed542c166e29d59bf8e660100f0c32fcec9d56 1 -1 0 0
2599 bc07cc1605b06f0b6f8fcacf421fd038d63ff9d2 1 -1 0 0
3461 66569cc45fc70aac112277cec6a5b1735619be9e 1 -1 0 0
3491 c8c07e1d3d73d00a68c6fbd69be96d7867a31725 1 -1 0 0
3492 f939df894e67770c31f9a75d190b5a86a6da697c 1 -1 0 0
3541 03b4b02b9a305ef90c8ac9adf3864202f3f7302b 1 -1 0 0
4134 20670c1a06ba3671820326b9404b4a100af9665e 1 -2 2 -1
4213 f319f517387a066ccccb6a64852250888b544744 2 -1 2 1
4511 3c67c4c9ece6321acaf7023dbf10ef44d9e9b148 1 -1 0 0
4621 82bf5b55323a7ca7e0fc8ac0b76f1d6767b7a6be 1 -1 0 0
4722 96525e1a7085620fee9e0dfc3ceda26b8cdf0441 1 -1 0 0
4791 65419604760655c09683a50e61efadf1ab81b7ef 1 -1 0 0
5106 41c9c8834b56e09acd950d1f6874a1e4c899a60d 1 -1 0 0
5110 f0269a7974a7fb99fd635a0173b5f0b4047742c3 1 -1 0 0
5145 eececa8e85492b3a428fce3ba3c90701e487c5c9 1 -1 0 0
5155 f50101b5364a5ebffec7760dfaa3c5e7e7e61b51 1 -1 0 0
5721 5cd0dd7b594ee8a7df7461c3e32ff97343955392 1 -1 0 0
6070 58c8e2d574c553e354f142696f040524d060dc90 1 -1 0 0
6473 7906e793dd5b21e0ac7bd1b7e76a5438af913970 1 -1 0 0
6697 8a4eab6636f5ee25b352867bbf812ae2f8243109 1 -1 0 0
6888 bc597d2b60c8cbb362bc24f59252556efa7e1fa2 1 -1 0 0
6983 c477d7a3eb608888dbea1cb7cdd2de463dd135f1 2 -1 2 1
7198 0b93de47c0ce7a090c1fc4360a1f0dca6efb92f8 1 -1 0 0
7199 93725627e1a3a255666fe69f46550d5da60f36ea 1 -1 0 0
7666 11dcd608d4d7d9e5f09b1e371043106a4d7fcaab 1 -1 0 0
7674 329870a4a36b53e9d90e4487c3a7319039858503 1 -1 0 0
7867 4a9987977c663ce8c1049027de9b76d2acd9e71c 1 -1 0 0
8441 c704df18a550b7783a658b0eb02d3a3bee85ee6c 1 -1 0 0
8513 c68a9284b6505aa0ba12afbccfb515d9ac5a50df 1 -1 0 0
8766 4d8896efd04466f37d9c9ab5820bda468e216fcd 1 -2 2 -1
8942 eb6ceedcac2e7d5a1149a9d299e3e3b0e8918c9e 1 -1 0 0
8945 3cda16055cd8ee380e40f8edada06bc4dbc420ec 1 -1 0 0
9028 a66d2e56a200247d67808e43593f5829ded150e8 1 -1 0 0
9106 a636b43cd531959d0360c137956e56883e8b5b26 1 -1 0 0
9135 8f8ad93846459a773f90b9be40be858de3610029 1 -1 0 0
9283 740658c0d4e49554d2bb5870a80bb388984e0156 1 -2 2 -1
9354 e4eae91b392add5c35dce73e6d9ddaddc4b0946f 1 -1 0 0
9431 3e73c39a3b17e1a7c887f7a98590f72a116f3ce6 1 -1 0 0
9435 0050ddaee42954a70e7f7c9c53e5d402aa4c94e6 1 -1 0 0
9509 cd4ef492c516dfc093c3b2c6710f2b523de7b6c9 1 -1 0 0
9575 ee4439f19b405758b9cef0a27568950d83433b0c 1 -1 0 0
9650 4a286a3861f1843711a42f9927bd95bcd50ebfa8 1 -1 0 0
9817 8d64a86a08f4eb38e4b27ce9335e7f01eea6424a 1 -1 0 0

  MEAN POSITIVE   2
   mean negative  2 
 mean commulative  0.23
 mean commulative  subtract-0.04