657 f80068a31a416bea7a85ca6861115b6bbf6c6e3f 1 -1 0 0
1344 217b4b46a0eb9a262abf183be4b20699af135c36 2 -1 2 1
1352 5f0f54bacabd99ed0f4035f38c79f6e31b4e05ea 1 -1 0 0
2296 9c8495343725944844390fcf3dbb33adde0902d4 1 -1 0 0
2469 e1a5eec77186b574493cb80bbc6e02e64840c55d 1 -1 0 0
2483 85ed542c166e29d59bf8e660100f0c32fcec9d56 1 -1 0 0
2772 24ebda00d0066ce21151ee2e9c44bc745448cdc1 1 -1 0 0
3492 f939df894e67770c31f9a75d190b5a86a6da697c 1 -1 0 0
3657 e198406b2eda64a0ba0d351be547a1d51b2e382d 1 -1 0 0
3723 d663062013e5df449f85730c4e6eb89863cce7e6 1 -1 0 0
4213 f319f517387a066ccccb6a64852250888b544744 2 -1 2 1
4447 fcb83e65c1247bc11bb9c879b2e69bc05319d925 1 -1 0 0
5106 41c9c8834b56e09acd950d1f6874a1e4c899a60d 1 -1 0 0
5152 af8fe5dfd344d0fcd044163c3d738a9d585ceb6b 1 -1 0 0
5155 f50101b5364a5ebffec7760dfaa3c5e7e7e61b51 1 -1 0 0
6732 3015995eb9cd815e3e0e6e2736b8f5bba8940c2d 1 -1 0 0
6878 e84263f49805f1b18ada9b755f60cb0b7c502444 1 -1 0 0
6984 81cbb789939dd411bd0f3265b4ab9b68cbb56566 1 -1 0 0
7662 088510a2536e5980c175621f97ed226d28b48344 1 -1 0 0
7666 11dcd608d4d7d9e5f09b1e371043106a4d7fcaab 1 -1 0 0
7771 798fc942d6e949f2cb8981d87e190d552b9a8d99 1 -1 0 0
7867 4a9987977c663ce8c1049027de9b76d2acd9e71c 1 -1 0 0
8757 2ed24b7c46182f9c9ac982de727527bbc7123691 1 -2 2 -1
9012 472e115aac6bed1868adb4577b1a85da9e8ab17d 1 -1 0 0
9283 740658c0d4e49554d2bb5870a80bb388984e0156 1 -2 2 -1
9435 0050ddaee42954a70e7f7c9c53e5d402aa4c94e6 1 -1 0 0
9448 7cade82b210b0d39356681b52287c1c734ea0e92 1 -1 0 0
9575 ee4439f19b405758b9cef0a27568950d83433b0c 1 -1 0 0

  MEAN POSITIVE   2
   mean negative  2 
 mean commulative  0.29
 mean commulative  subtract0