247 548ec7733b01e1df7a0405ef01695287c37ae4f2 1 -2 2 -1
1697 4477695aacaed05656bfe4647d34e73cf86cddf7 1 -1 0 0
1926 a3a87580f0bb04933615446cf1306604154ed9aa 1 -1 0 0
2305 3ced34f3fd49603bc7b7a27e0e55d92ada36257e 1 -1 0 0
3135 0d58bd5cbabe807a73c9651a3270478d564821c9 1 -1 0 0
3166 3ef796f1eca355941d905dda6e30a07e056d5b5c 1 -1 0 0
3380 c260bbd3aa1b0801d1fb35e32221a98033ab2f06 2 -2 4 0
4636 991ee34d07e11f6a128c49abc391f236a459c955 1 -1 0 0
5626 74c227734b0422f322c2a5d09ad7f9ebd5002dd2 1 -1 0 0
6784 c5832b047c209247fa90fb66ad225383ebfd7e80 2 -1 2 1
6883 88944629763b91d1c39b88285a404e7fbcf7f738 1 -1 0 0
8170 f7d4c5feffd890a0d7bd7d77b38ddd745c035e63 1 -1 0 0
9043 ad23b1601e3d381c38005a9e24a7741754e2add7 1 -1 0 0

  MEAN POSITIVE   2
   mean negative  2 
 mean commulative  0.62
 mean commulative  subtract0