3135 0d58bd5cbabe807a73c9651a3270478d564821c9 1 -1 0 0
4587 b07fddbe4362d79f5d1295f6ac14a5f3a15c37bb 1 -2 2 -1
5300 b29ccdc5bb34e550b4ccc1706d171d495d9cbd8d 3 -1 3 2
6755 28101be87232a0f8722a084aae2291740573de0a 1 -2 2 -1
7604 66c7e9bafe90d926ed0a89038bb7354a14bb1a97 1 -1 0 0
8027 7345d8313d661ec7ee63a80ea1221fba248a67f9 1 -1 0 0
8067 85771dcee2bed3a1665de55c567090af5cf534a7 3 -2 5 1
8508 f0f7516f7d7bc2788add156d4724e35cc5824743 1 -1 0 0
9148 c7683ba8f62bc0eb518d88e2022f721a71eb6a29 1 -1 0 0

  MEAN POSITIVE   3
   mean negative  2 
 mean commulative  1.33
 mean commulative  subtract0.11