839 82b0e9686d70ea7af7ebcda6da7fb3e6513bf4a5 1 -1 0 0
1035 605b6197ef1018aab18901e2bb53b4c5033ff55a 1 -2 2 -1
1676 015f95ac3d164a15c70f7226e758e3e62a129aea 1 -1 0 0
1761 277810b77f44558248c0485887cbc13084f05bc1 1 -1 0 0
1787 41e843eb9faf257082fe214788fb2bcc0bf57869 1 -2 2 -1
2559 6f97e5b53e6b01516ab95099b9ecc91ce845390b 1 -1 0 0
3135 0d58bd5cbabe807a73c9651a3270478d564821c9 1 -1 0 0
3380 c260bbd3aa1b0801d1fb35e32221a98033ab2f06 2 -2 4 0
3703 114d32782a35fb6eb2c12e983a7c1ee0c4050a9f 1 -1 0 0
3764 8506ff928fe6ed32cda94008e76d430804215003 2 -1 2 1
3788 9373a2a4517068e924246dea0ee5a5bfce3b95e7 1 -1 0 0
3972 6a35885beba329909da260b4aab00cd068f47bad 1 -2 2 -1
4093 c0386e3715df9cb87651c9056871ce5063976630 1 -2 2 -1
4327 0b16d031f126ca260fbb9913868cef79db448013 1 -1 0 0
4590 9d087369739da0b773c115c5cbc0d980fbfaeb7a 1 -2 2 -1
4592 075fe41b94f587b6290cb54b947469660e389fab 1 -2 2 -1
4636 991ee34d07e11f6a128c49abc391f236a459c955 1 -1 0 0
4813 a01b4239c23e23d9c94440ebe246ff29b12bb99f 1 -1 0 0
5164 2455319e1bf05191822cbd2eda5d3e9f8ad621ea 1 -2 2 -1
5300 b29ccdc5bb34e550b4ccc1706d171d495d9cbd8d 3 -1 3 2
5600 e3a3b922455c0dc2856e5fc0a40a19059f1db9ef 1 -2 2 -1
6033 c3998ad5d17c1d626420beba063d92b2b3b2e214 1 -1 0 0
6284 56e52ae45aaf6445e4c4bb4484d9271bb53ad4d8 1 -2 2 -1
6296 2abac1f9f8e9bf243d2047eb0bf7fc52edb1f72d 1 -1 0 0
6298 7afa4c7650925b866362f5424019ff34cddd504b 1 -1 0 0
6417 601a4d2a0aa5205b305d6e871bf2907e4138266f 1 -1 0 0
6711 b51e572cbfbc33f1f0484fb61b8ece352c337c2f 1 -1 0 0
7180 5b759500698aabb6a199c97ba52437fc5b93d189 1 -1 0 0
7994 9a6729a2d38df56802fa29c89c18db239f8fa142 1 -1 0 0
8508 f0f7516f7d7bc2788add156d4724e35cc5824743 1 -1 0 0

  MEAN POSITIVE   2.33
   mean negative  2 
 mean commulative  0.9
 mean commulative  subtract-0.2