33 afefcae704a0f5da702242b2f0355c33ed8fd1cd 1 -1 0 0
159 c0b656824c066d71f3a22a3ed1353b455633a65d 2 -1 2 1
183 c247cf45a5f9018e56b8f69efcc3aaeb749bc1cb 2 -1 2 1
1807 3e54c12c15f32c6e68b88d76c355bcbe44f2c8ad 1 -1 0 0
1808 bd97b3769f29f1bc4e3ec10cfeaa64cbaef86f8b 1 -1 0 0
2139 3088c3e69ac5d15e599a4126057cb20e52bc3d01 1 -1 0 0
2430 65594cb95d59c9acebb47b22790c78e201591f8e 2 -1 2 1
2920 85e0c75a2f8728b8efe858fd14518900898b14b3 1 -1 0 0
3386 93f072b283ae6a01f2725ae12a03ee396f210bdb 1 -1 0 0
3550 0ff438b276a0558b9e51b202abd57edc1d35c62e 1 -1 0 0
4092 2e4bce36c0b096f2049ea1db2abdafae28829d78 1 -1 0 0
4482 d72cd02e5f80ff09912f584297614cdb2b73fe82 1 -1 0 0
4596 fdea15b96d79299dc2ad248cd1353ac9190f5e33 2 -2 4 0
4963 2f53f7ec87dd4f223690facf591a154cc5682f77 1 -1 0 0
5592 d8ea9c523d6314fce80603944c51c510b3c0f7f2 1 -1 0 0
6552 db81dfe33f9db4d60d2ff54ea4a781c7ab22a645 1 -1 0 0
7437 d38c2ef96080d0bb0b3b94a6972e320ce4a9ac95 1 -1 0 0
7777 373c2d8998afefbb84eeefa111c0c0c73ec872ad 2 -1 2 1
8998 229cd9071fcf4acdb159142d5be9c37b736e6577 1 -1 0 0
9180 df44bcab03eb62a8506a9ee27b7d3f8b3f682dd2 1 -1 0 0
9230 27631cdee4163b5521444746667610473ddbd99d 2 -1 2 1
10053 2d877b1a3292bd529bf873d996a7efd93c562996 1 -1 0 0
10230 f320544892856247d92853d2e73647db2fc46d5e 1 -1 0 0

  MEAN POSITIVE   2
   mean negative  2 
 mean commulative  0.61
 mean commulative  subtract0.22