179 875bce60c41f923ccd90695e51da409e9256e829 2 -4 6 -2
224 7269ed4b0544d5f178d2781c291989e435526ff7 3 -2 5 1
1425 fa9a9e043f8d04f5f6891b762fa92ecd016653bf 1 -1 0 0
2135 3d38be855e5a6a4e4cbf5a84f2d4eddfc88c942c 1 -1 0 0
3036 8d48802f0a5aa6dd8e9860e22bf149f9f8d48653 1 -1 0 0
4073 d3e942a671a6ecebda05c8c3bad598ddb9173771 1 -1 0 0
4454 215558fb180b59964468e30b809c1f8d842b3b1a 1 -1 0 0
4966 fcf9fe4398b2786cfe9dcbe2a83d79bdfdb6ae32 1 -1 0 0
6555 eaed9d95e8dd378cdd050e32ced9ccb26707a5cc 2 -1 2 1
9493 847fe5957d16b87d991fbcbbd3a4490f1de82944 2 -1 2 1

  MEAN POSITIVE   2.25
   mean negative  3 
 mean commulative  1.5
 mean commulative  subtract0.1