179 875bce60c41f923ccd90695e51da409e9256e829 2 -4 6 -2
224 7269ed4b0544d5f178d2781c291989e435526ff7 3 -2 5 1
1425 fa9a9e043f8d04f5f6891b762fa92ecd016653bf 1 -1 0 0
2016 fe765e980a4a3e1e8b22dcfd2534cd3f0e3054fd 1 -1 0 0
2135 3d38be855e5a6a4e4cbf5a84f2d4eddfc88c942c 1 -1 0 0
2235 74b768377ac0ca107e2cf4d5aa58a679f75e74ec 1 -1 0 0
2422 448ccb4152dbcf3213c490c3b78a99eafd15b718 1 -1 0 0
2423 763d152b07f53959e2fde7d589de7b894bbb4912 1 -1 0 0
2663 11ac52b83edad3f169bfa2ef977034c7eb45efed 1 -1 0 0
4092 2e4bce36c0b096f2049ea1db2abdafae28829d78 1 -1 0 0
4380 f08b5f12be67a7e64514374ed0892df03031565f 1 -1 0 0
4482 d72cd02e5f80ff09912f584297614cdb2b73fe82 1 -1 0 0
4963 2f53f7ec87dd4f223690facf591a154cc5682f77 1 -1 0 0
4966 fcf9fe4398b2786cfe9dcbe2a83d79bdfdb6ae32 1 -1 0 0
4997 fe94855e0bf8df0c3d9902138c3bc0137247fbb0 1 -2 2 -1
6555 eaed9d95e8dd378cdd050e32ced9ccb26707a5cc 2 -1 2 1
9914 3b5c66d3c3f982788bbfaac7c467e44acf010f48 2 -1 2 1

  MEAN POSITIVE   2.25
   mean negative  2.67 
 mean commulative  1
 mean commulative  subtract0