159 c0b656824c066d71f3a22a3ed1353b455633a65d 2 -1 2 1
179 875bce60c41f923ccd90695e51da409e9256e829 2 -4 6 -2
2138 b4a761040a091ec57b01ddb666ae6d374379948d 1 -1 0 0
2235 74b768377ac0ca107e2cf4d5aa58a679f75e74ec 1 -1 0 0
2453 2e26fd9cb2301758be2a8f6d362e652fd2511e4b 1 -1 0 0
2835 0a4f657ff2fa1260e5b1891868d40e077604dc18 1 -1 0 0
3118 31858dd23cc9fb91e3e911d9f6a1bbf4058d5fec 2 -1 2 1
4073 d3e942a671a6ecebda05c8c3bad598ddb9173771 1 -1 0 0
4454 215558fb180b59964468e30b809c1f8d842b3b1a 1 -1 0 0
4516 97df8fafb0097cf107a9d391081d49ec1e6d577d 1 -1 0 0
4997 fe94855e0bf8df0c3d9902138c3bc0137247fbb0 1 -2 2 -1
5274 32a41a1ce0f34f2969874bfc5616d1549461d74b 2 -1 2 1
6334 fc9f99958c9b4f8b7fd86a03983d80120996688f 1 -1 0 0
6555 eaed9d95e8dd378cdd050e32ced9ccb26707a5cc 2 -1 2 1
7031 5e17a8c822dacd0d9dafc84a4562fd65f4084d40 1 -1 0 0
7070 997ea04a3a3bade8df3eee47c18065fae0d25233 1 -1 0 0
8107 45661f85cfc70a70335758f7e31dd0916fb2e72e 3 -2 5 1
8986 36158a5e587fb278ccd8f32f9628586ad5650fdc 1 -1 0 0
9180 df44bcab03eb62a8506a9ee27b7d3f8b3f682dd2 1 -1 0 0
9653 e682f981fd56c62e61e1ffbfd7faa5808145cb95 1 -1 0 0
9941 da62b53164a8757439f14756b09f62129482d212 1 -1 0 0
10000 9e0c8cffc2cda29d1444a4ae253c624edd0afe43 2 -1 2 1
10230 f320544892856247d92853d2e73647db2fc46d5e 1 -1 0 0
10375 c667a3610f112a878f78806af28cebe755540ca9 1 -1 0 0
10379 eca9db711810d31f4b2d73ee6f7ab8b272c8b027 1 -1 0 0

  MEAN POSITIVE   2.14
   mean negative  2.67 
 mean commulative  0.92
 mean commulative  subtract0.12