834 4d26eec95c655a07659321c6bd27e9250696e24b 1 -1 0 0
890 e347255e88c00724524f4c03da64445a1a661ba6 1 -1 0 0
1078 7ec9fde1f0bb09ef3eeb5778098fe327bb74e90c 1 -2 2 -1
1122 b664616fbd6bcffb4bb30388cce8f7515aea4a94 1 -1 0 0
1770 7b830925c4b13322135d474704344bbb83db4d6d 1 -1 0 0
3743 228bbe3a4f34ca2775efdf0e8f0322904509bbd3 1 -1 0 0
3786 7b21574ebbc0adb2811d2ba0056193193dc167e6 2 -2 4 0
3825 bb8feda7d47e18e8e8817cfe050f31974b163f77 1 -1 0 0

  MEAN POSITIVE   2
   mean negative  2 
 mean commulative  0.75
 mean commulative  subtract-0.12