191 0b5f2b4246dfd4745c347a633ca897c1d67fb5da 1 -1 0 0
339 46572b095b85aea43007a4163bd3599516130505 1 -1 0 0
895 32fa313a76dcecab230ef38d12a4c5297435e51f 1 -1 0 0
1092 8b0967f8755bd279faaf64901afc78a636f99793 1 -1 0 0
1244 070351c9be5086ba4fe7fe379cc9d12137bbfbaf 1 -1 0 0
1280 5305a9b5dea450dd1fbeae8fa0918242afbb0ca2 1 -1 0 0
1507 49e225c2a3b059374691fa8007f2bc970ff44bdf 1 -1 0 0
2362 e1dc179f7ac275e5aa16c7f5c2b6ba142e0ef1bc 1 -2 2 -1
2668 1a7c61fe6a7766c7ea02bb260586e57770942374 1 -1 0 0
4485 97e4b40661e543f2b1580f8099b78d5dbb4ddfe8 1 -1 0 0
6248 57efc68d7b7658a2faa69818c86bba5f0b596db4 1 -1 0 0
8274 fff6d29aaf1bf5aa93c8415e97f5b646ec76c9bc 2 -1 2 1

  MEAN POSITIVE   2
   mean negative  2 
 mean commulative  0.33
 mean commulative  subtract0