890 e347255e88c00724524f4c03da64445a1a661ba6 1 -1 0 0
1066 d42ded8ddb42fafc874e7d4d7639998dc30f2e51 1 -2 2 -1
1116 8fd5e41f36a290429e1ea76d0dc6e03d5488aa47 1 -1 0 0
1122 b664616fbd6bcffb4bb30388cce8f7515aea4a94 1 -1 0 0
1152 df083240aff84c12a93f22e60e26dfb85fe4fdca 1 -1 0 0
1244 070351c9be5086ba4fe7fe379cc9d12137bbfbaf 1 -1 0 0
1380 a7b155815c14754a2cdc5738591473ab2fd23dd9 1 -1 0 0
2668 1a7c61fe6a7766c7ea02bb260586e57770942374 1 -1 0 0
7171 90b224c7b592bd3f8862efb9f8bebf3a22012164 1 -1 0 0
8233 af7f82dd8e0a4293272b814ba3ed10b33b94c744 1 -1 0 0
8236 0714ee38dabbccbf787758d7221fb528633cc6a7 2 -1 2 1
8932 989386b06b3662eef867cbe48bb49fe08b42584e 1 -1 0 0

  MEAN POSITIVE   2
   mean negative  2 
 mean commulative  0.33
 mean commulative  subtract0