354 395d3b9dfb899d56e7bce840a63e526397d1efe7 1 -1 0 0
761 9dce090690717084a83b9eddad713a4b059d4e6e 2 -1 2 1
1257 894c4f95efad1343fe412eb2efbd2d62f8ab931e 1 -1 0 0
1272 0c4a3d52cab3331d366aee701e86ab41e68aaea1 2 -1 2 1
2675 7911381599d88296227f5fb7ccb0cfd8b97a45ce 1 -2 2 -1
4036 1e748f00bc7fc5669754212c310c629cdac70f22 1 -2 2 -1
4058 094bc351f2a2beaaacfd5d138768bd40658ff7c6 2 -2 4 0
4745 f02d7a7198ab843726bd5ea73c0c09679ce8617d 1 -1 0 0
4994 9daa94f7f412026163e547c782a576d4d7114cc4 1 -1 0 0
5070 f5db72fd40f07e842042640247df655716a97176 1 -1 0 0
5522 43eb693b8f64a4b462594f1c6119e6be57613329 1 -1 0 0
5652 b54129ae2d814ecbda9d999443d809f1cade35ec 1 -1 0 0
5660 d8e8e96b718abb37e341c6deacc8d9aa45147abf 1 -1 0 0
5661 e0d3c655eb3b9fd9c823db1e71355a9269fbfd9d 1 -1 0 0
5855 92d3e6aab198424fbbc0b8c15c720951a990787d 1 -1 0 0
5896 809efd54cd520051678b338de897e07f29dd8cc4 2 -2 4 0
6832 ef69feed0b1edfa07ceeb2fd18a167bce0a87ea0 1 -1 0 0
6971 66ad131e5bb1812294f362327c3256856043913c 2 -1 2 1
7012 9ff1c63396da0ee982c95560b81e2d11af6e76e1 1 -1 0 0
7753 fd0c0b03afac12477e19ab386e2362b408162cab 1 -1 0 0
7826 97b29ca4f41d914591eb13341223abaccfde6c6e 3 -1 3 2
8566 91b82225e452e77150c07e8b2b505a3356dd71a7 1 -1 0 0
8915 70d670c072af1d792e9989f2213e682844d3be70 1 -1 0 0
9023 a4af1295b8f9aba3603012191a23f97bcb2bba75 1 -1 0 0
9302 df324da63d5da2b018edb3ab616bab7d577b5404 3 -1 3 2
9501 c8ffbb0b1eb41f2854a8432f47d3fc969e9d7f96 1 -2 2 -1
9536 9c7df6cfb2487364e72c6193fd2816a562e96527 1 -1 0 0

  MEAN POSITIVE   2.29
   mean negative  2 
 mean commulative  0.96
 mean commulative  subtract0.15