1253 9f9ecd6d476edc943ec95a24eaee93c051d78d6d 1 -1 0 0
1540 fb746df62d63b59df1b42b633a790abdd3ec0221 1 -1 0 0
2176 9eeacd85cd90ad2fa3029fa89272fbfe10b29d84 1 -1 0 0
2675 7911381599d88296227f5fb7ccb0cfd8b97a45ce 1 -2 2 -1
4413 6c2d3df11bdad73815610f7b505cd326e62d878e 1 -1 0 0
4971 b30a8c75cfa701e5067a1b93ac86f2fc355d13df 1 -1 0 0
5660 d8e8e96b718abb37e341c6deacc8d9aa45147abf 1 -1 0 0
6831 73f599af401f1124f1786d7a9444aa64cf08c940 2 -1 2 1
6832 ef69feed0b1edfa07ceeb2fd18a167bce0a87ea0 1 -1 0 0

  MEAN POSITIVE   2
   mean negative  2 
 mean commulative  0.44
 mean commulative  subtract0