96 ee7e8f218d8ba0411e0d28c866854502a24f1f69 1 -1 0 0
1253 9f9ecd6d476edc943ec95a24eaee93c051d78d6d 1 -1 0 0
2174 9f3092a7dffa0880deae0514fe21521e96a47ca4 1 -1 0 0
2643 97ea4af0c1f073bd298210d6fac89b5134d942d1 1 -1 0 0
2873 86fe907a0ecf7b48aa51741b651c2dd91aa1b70a 2 -1 2 1
3298 caaad95c6c1bd0f8db6d139c045fd3412993eb8d 2 -1 2 1
3586 e00c1f3d2aad114c184931b5341b9a6ef199258e 1 -1 0 0
3930 4c9934979c5504fea704dfa5aa19a16aca764f4a 1 -2 2 -1
3979 a2e496f39ff41859dec87ab6b2253f597f2fd267 1 -1 0 0
4745 f02d7a7198ab843726bd5ea73c0c09679ce8617d 1 -1 0 0
4813 f0506a0a2d058e513edfb4cd98f2d1087b606d22 1 -1 0 0
4910 bdadd0bb97c15a1500b845a4dec3cef3a112455c 1 -2 2 -1
4971 b30a8c75cfa701e5067a1b93ac86f2fc355d13df 1 -1 0 0
6792 69a70f2a74044eca1989bdd4aad92c43967ebb98 1 -1 0 0
6931 9ea01a83b607fb3e053f2b96d56795308e6bd640 1 -1 0 0
7145 212ea4f496d8304ad037e782b76b60493f5a3146 1 -2 2 -1
7753 fd0c0b03afac12477e19ab386e2362b408162cab 1 -1 0 0
7900 8813eea8c0fea6e4f68bda91699cc929e5b60afb 1 -1 0 0
8915 70d670c072af1d792e9989f2213e682844d3be70 1 -1 0 0

  MEAN POSITIVE   2
   mean negative  2 
 mean commulative  0.53
 mean commulative  subtract-0.05