96 ee7e8f218d8ba0411e0d28c866854502a24f1f69 1 -1 0 0
1032 7bff5443f84ff715e3e7fc0dde46f1e0013e87eb 1 -1 0 0
2675 7911381599d88296227f5fb7ccb0cfd8b97a45ce 1 -2 2 -1
3863 e6b8a82abf37ca02d05354ac1f3b23762967b7b7 1 -1 0 0
4429 945021a9cfb2c751ff33fc9b530c504097dd9e82 1 -1 0 0
5145 5b1b63d2b708f490f13ff68f7ae1b4245306b226 1 -1 0 0
5896 809efd54cd520051678b338de897e07f29dd8cc4 2 -2 4 0
6651 2412f56467828f4dd3a0d439dd9f2cac69d34853 1 -1 0 0
6655 9a2a2531d1ed0b5c5c934875526072a08fd29303 1 -1 0 0
7319 b5402750ec39d603b7c05532296154851d95cadc 1 -1 0 0
7753 fd0c0b03afac12477e19ab386e2362b408162cab 1 -1 0 0
8482 066101d64b8e4477e9fca081a3ea09caa5472c42 1 -3 3 -2
8566 91b82225e452e77150c07e8b2b505a3356dd71a7 1 -1 0 0
8628 e4b5db52b97b53e6987c2511177c503362aa27e4 2 -1 2 1
8915 70d670c072af1d792e9989f2213e682844d3be70 1 -1 0 0

  MEAN POSITIVE   2
   mean negative  2.33 
 mean commulative  0.73
 mean commulative  subtract-0.13