2694 8da67b5c2492a7677844a4f5dd4e3c1d31b71e4e 2 -1 2 1
3586 e00c1f3d2aad114c184931b5341b9a6ef199258e 1 -1 0 0
3863 e6b8a82abf37ca02d05354ac1f3b23762967b7b7 1 -1 0 0
6065 66e90b7e09c4352f0bcd87eac82b4744cb257f06 1 -1 0 0
6931 9ea01a83b607fb3e053f2b96d56795308e6bd640 1 -1 0 0
7145 212ea4f496d8304ad037e782b76b60493f5a3146 1 -2 2 -1
7251 0a758fe4a81aa28e63dd332743373875fae38d1f 1 -1 0 0
7753 fd0c0b03afac12477e19ab386e2362b408162cab 1 -1 0 0
8482 066101d64b8e4477e9fca081a3ea09caa5472c42 1 -3 3 -2
8915 70d670c072af1d792e9989f2213e682844d3be70 1 -1 0 0

  MEAN POSITIVE   2
   mean negative  2.5 
 mean commulative  0.7
 mean commulative  subtract-0.2