267 536c754edf40917423d9ef940846a6fec4386fc3 2 -3 5 -1
917 097b95791517008607f2332e6f4c2be621d6bf3e 1 -1 0 0
1019 611bdde44fafe299e121161a7e28a283c68cf16c 1 -1 0 0
1021 0dd0c3273bf25a92d37ddbabc7e858698d490eea 1 -1 0 0
1461 f8a37ca05ee24f8e27280a310d2181bb2dd17874 1 -1 0 0
1981 8d256d77161426dbe25396467aa928dc28cf0e04 1 -2 2 -1
1985 4c13fe4fbf6f40a2819599a2bc474576f85cb2cb 1 -2 2 -1
3313 c13a2fd057459c8a240d3c477e17298c6c019df1 1 -2 2 -1
3703 dcebf29c9ed47157b6a16d2312e567e5e20da66d 1 -1 0 0
3711 f538b34fbdc6e64ac33b8ad603a9367196b45ba0 1 -1 0 0
3858 8913ca43a4bacad5c32a512bf9341c61dc8241b4 1 -1 0 0
3989 ba02b61480af0e397dca39c9787947acf4061bcd 1 -1 0 0
4044 633d59b6436b866a24cd3e629f185f453ea5beb0 1 -2 2 -1
4069 7e136c540af5a439f67633eb10746f17ea683210 1 -1 0 0
4246 e6298f7216db0ea489cf9e28352ae1d9205cb190 1 -1 0 0
4816 47b1119c4bc1d3e352d0e3ec0f2450f7e7da9ce0 1 -1 0 0
4817 e3f6a0444bc14fcfda9cd9169c94a096c5dd9f0e 2 -2 4 0
4925 4b6f8c1ef2a4ee120d5769cf9252cdb13fa37aa3 1 -1 0 0
5114 49fe6e31b8ca82cc689990ab78f29a1fc96c5405 2 -1 2 1
5172 6ada0d28c8cad99ab75218619d5f32229a0685a9 1 -1 0 0
5239 4f42319588d95ef5154b48bc285d619a279bf901 1 -1 0 0
5406 79ccba19359598877479b952b87aced943f4d481 1 -2 2 -1
5433 cf6c62366f9d628fe2d7581526727e7cbaa81c8c 1 -1 0 0
5604 2b63c6cf09663d96b7a661b89d856d4cce809b6f 2 -1 2 1
5608 bee0aeafa1ca9552e4caf82ae0cbf7adaf71c4cd 2 -2 4 0
5631 8e6bede46de3859c2369a2c87e7a4234b042132f 1 -1 0 0
5633 7887a15cd253198a764bb18ba11b33424f75b667 1 -1 0 0
5648 c9d673a6461349e6c728f41165209b8fd024a9e0 1 -1 0 0
5650 72348627804bdadae9b8e6b5bcb0296c11134f1e 1 -1 0 0
5714 8979aa21fc2260822c23c366c20a077a99e90da4 1 -1 0 0
6132 f9b89eedc10c620ecfd3e5ac705b08547ab4eb89 1 -1 0 0
6136 8100029b4450a4ba301948eb75a11832e9f463e6 1 -1 0 0
6150 91259f6b66cb031a8cb89b59f493f019bcabf537 1 -2 2 -1
6152 5702f7958eca6bd1f702d6ef6905fdd9caa6ef34 1 -1 0 0
6297 27f432a38d60731f9aa571f188abaa968474e62e 2 -1 2 1
6298 dc8df3553dbdc23e1e7625bd99b596b4a9acc94b 1 -1 0 0
6600 293a3e2f254de802902acd4fb880070099f65882 1 -1 0 0
6727 4039675ad5f802b8327eb7f9acb452acce62103c 1 -1 0 0
6926 f0b848506f032a878af498bcb42ed71ff7dfbfad 2 -2 4 0
7092 f127957799cc081468b409a405075f6960df4fab 1 -3 3 -2
7159 d4aa0cc9991a25e501d8fb7e9cdcdaf0a2656ca5 2 -2 4 0
7419 5013c9c13352b405a8c782500bdd968d204e6f27 1 -1 0 0
7420 80cc01fe773e345f0156ea62bd63b71ce11b5bd4 1 -1 0 0
7633 57b4db7eec526e0d0df9355695f2a80d7316c301 1 -1 0 0
7701 f83977e83afade199727b686649e0026a65ca54a 1 -1 0 0
7702 2fed965927e603220bf78ebc1b7083ab79013e88 1 -1 0 0
7852 6b1ed4c1e126806f3afe38302139cd05ef9aeb48 1 -1 0 0
8171 43473176853da388bf3a699d89c33e19e5302eb8 1 -2 2 -1
8323 9a2a97d6aa5fb9dfaed1a0870e0bdaa38ff803a5 2 -2 4 0
8546 47c5e2ca876b80600b88e76aa1a88760f7810d9f 1 -1 0 0
8560 b7e97311e007acf4aa65adbc49a1af8a8670a889 1 -1 0 0
8562 d5a22550a2eaed35a08fe544c0e3e0de98321ed9 1 -1 0 0

  MEAN POSITIVE   2
   mean negative  2.14 
 mean commulative  0.92
 mean commulative  subtract-0.13