37 b749af0dc64105a5900eb144c1dc6ff671a57bae 2 -1 2 1
60 9d2e5658df86e42255309243b90f4ca82cad013e 1 -1 0 0
3038 0adf6f7f43ab23e8afef31fde0648239c680fa8a 2 -1 2 1
3041 0026dfe142f77e41e32e9c1add1944678295e5c7 1 -1 0 0
4044 633d59b6436b866a24cd3e629f185f453ea5beb0 1 -2 2 -1
4925 4b6f8c1ef2a4ee120d5769cf9252cdb13fa37aa3 1 -1 0 0
5604 2b63c6cf09663d96b7a661b89d856d4cce809b6f 2 -1 2 1
6727 4039675ad5f802b8327eb7f9acb452acce62103c 1 -1 0 0
6866 bbf1aaccde2cd0c9d9becff1f7a784466726abda 2 -2 4 0
7451 b17bb24cccacd896642f563763967baf3f4ae029 1 -2 2 -1
7959 563dd769c4960f3a9d48f7520d82f1b53756b18e 1 -2 2 -1
8323 9a2a97d6aa5fb9dfaed1a0870e0bdaa38ff803a5 2 -2 4 0

  MEAN POSITIVE   2
   mean negative  2 
 mean commulative  1.67
 mean commulative  subtract0