124 cc00e0056991355b8780bebd221acf3baf1f55e7 1 -1 0 0
335 bf48b20e9ac9751d0c8aeba8f391c47f3f126718 1 -1 0 0
348 513659c490bdb2431b168382eff537d23a86b478 1 -1 0 0
421 738b72e4275a64a9da4afed71a084f83438aeb6e 1 -1 0 0
457 99c3d2b87a3bd897f3fa37a3c28a9d17aa38d619 1 -1 0 0
1001 44739b11679d59e55f69b9f4fd82260d3414d9cc 2 -1 2 1
2706 5797d87d6b2f0be3c27647f85cd59c36ed1769cc 1 -1 0 0
3543 c3f649a2207c949705c444ccd9eeba268919e002 1 -1 0 0
3549 2dfc6843671fcba8a4c3f13a4c461452cedf12c5 1 -1 0 0
3982 c009c816ed1825fc8aff82585f542850433f3376 1 -1 0 0
3987 a54984665d5f01af0bc226a7863c6f9342b26b2b 1 -1 0 0
4581 ee4ccd0ab7aa74e80de3b79ea07b85864ed31555 2 -1 2 1
4925 4b6f8c1ef2a4ee120d5769cf9252cdb13fa37aa3 1 -1 0 0
4930 1bc77620bd3164238c5c563f867df522f54052c8 2 -1 2 1
4938 9906ec1e8a300c6d0ca4926dc65512ed84e7571d 1 -1 0 0
4984 45fd65689542a09ff49cf98c52227dc44976d7f9 2 -1 2 1
5075 b30883860d446e2b7cd81a36094e8febc6c7e60d 1 -1 0 0
5176 e0f8b573aeea8f46677872b55a3178b8d1aade96 1 -1 0 0
5177 ece4c9824fd328305817f06043f557e09ff2b537 1 -1 0 0
5179 edcc56aad426cab3ceb9681e459da5c3dac87397 1 -2 2 -1
5604 2b63c6cf09663d96b7a661b89d856d4cce809b6f 2 -1 2 1
5608 bee0aeafa1ca9552e4caf82ae0cbf7adaf71c4cd 2 -2 4 0
5665 21a4f5c3b6eb96aa5cab9e055869c5f46df4c5cc 2 -1 2 1
5741 f13b8ab3ff6966233b93f5783c659d6a5b98a5b9 1 -1 0 0
5742 fb9760ed11d3f4c88361199e3e9217c7eb9d6d46 1 -1 0 0
6836 725fed4269996581bfe1ef88c4f7ca8bdabad7fb 1 -1 0 0
6842 fbcea4cf7a7eff404531b83a267128204b937a10 1 -3 3 -2
6866 bbf1aaccde2cd0c9d9becff1f7a784466726abda 2 -2 4 0
6978 44671f5c6929a8f05223dd359182610286ceb98a 1 -2 2 -1
7419 5013c9c13352b405a8c782500bdd968d204e6f27 1 -1 0 0
7425 2d88501a3e2801927b78927e9f04fc2bf00a520d 2 -1 2 1
8137 c5c21b6702427834946390dbed6977bd8d33ed3f 1 -2 2 -1

  MEAN POSITIVE   2
   mean negative  2.17 
 mean commulative  0.97
 mean commulative  subtract0.06