1589 efe7aca78d6b319e42e221876f8cc92c7270ceba 2 -2 4 0
3777 b8afa2f78f3e618e7c1ac1369ac038f5865eba0f 1 -1 0 0
3778 af8940a4f459c234847f71705fd58cbf2300c8a3 1 -1 0 0
4892 da02c7576d3b7b211a9167875471c46a84661321 1 -1 0 0
5176 e0f8b573aeea8f46677872b55a3178b8d1aade96 1 -1 0 0
5177 ece4c9824fd328305817f06043f557e09ff2b537 1 -1 0 0
5222 97e1bb6479e03529d0396c0c0b798a49eebf8a38 1 -2 2 -1
5223 7fc6c3e584f78e8349eeb68faffc0f5749fb5f02 1 -2 2 -1
5665 21a4f5c3b6eb96aa5cab9e055869c5f46df4c5cc 2 -1 2 1
6600 293a3e2f254de802902acd4fb880070099f65882 1 -1 0 0
6866 bbf1aaccde2cd0c9d9becff1f7a784466726abda 2 -2 4 0
7159 d4aa0cc9991a25e501d8fb7e9cdcdaf0a2656ca5 2 -2 4 0
7379 a2f9e6e741c83b7aa8fb8180af768340fdabc7b9 1 -1 0 0
7451 b17bb24cccacd896642f563763967baf3f4ae029 1 -2 2 -1

  MEAN POSITIVE   2
   mean negative  2 
 mean commulative  1.43
 mean commulative  subtract-0.14