2971 421d5a279658a28874e07e668e2f48e31297ae0f 1 -2 2 -1
3830 b581c998a2555883ae18117785b8c323d9fab129 1 -1 0 0
3831 73c366f5b3f9724c0384ff49fc1874feb88c0bd9 1 -2 2 -1
5023 619a8defc1e06732e057de10b7736c16a48b7316 1 -1 0 0
5051 b61aff0702f703c74e81ee1326c0f0a215665877 2 -2 4 0
5222 97e1bb6479e03529d0396c0c0b798a49eebf8a38 1 -2 2 -1
5223 7fc6c3e584f78e8349eeb68faffc0f5749fb5f02 1 -2 2 -1
5334 298afc1766c9b37f6351ed212cb2452274eeeaef 1 -1 0 0
5367 8033dc204fbc3bf37a30bcf74063b3b636135459 1 -1 0 0
5404 d5e04ace6a44dc64a70309811665254a18559462 1 -1 0 0
6132 f9b89eedc10c620ecfd3e5ac705b08547ab4eb89 1 -1 0 0
6149 fff6b5d6eb47a17fa9df301524d408d4f41baed7 1 -2 2 -1
6344 270c5941d41db707ce8d5ca3f2504b7d498795a1 2 -2 4 0
6978 44671f5c6929a8f05223dd359182610286ceb98a 1 -2 2 -1
7109 fd00f1f678f952f1ad0ff8d15e49f0b8c7e81d65 1 -1 0 0
7376 22483737d884889532ee9c0bce928da8b7b901aa 1 -1 0 0
8323 9a2a97d6aa5fb9dfaed1a0870e0bdaa38ff803a5 2 -2 4 0

  MEAN POSITIVE   2
   mean negative  2 
 mean commulative  1.41
 mean commulative  subtract-0.35