124 cc00e0056991355b8780bebd221acf3baf1f55e7 1 -1 0 0
267 536c754edf40917423d9ef940846a6fec4386fc3 2 -3 5 -1
2581 8e169522b46302c04af565ab8842e4764ac69c40 2 -1 2 1
2587 0795c58a31aa106800e951427b7d19ffb540ab87 2 -2 4 0
4816 47b1119c4bc1d3e352d0e3ec0f2450f7e7da9ce0 1 -1 0 0
4817 e3f6a0444bc14fcfda9cd9169c94a096c5dd9f0e 2 -2 4 0
5320 2c18a8882393c1603aba65fad21d5bd84e906e4d 1 -1 0 0
6247 248853a517e631cf7ce2fcd0be95ce3ba5af4faf 1 -1 0 0
6600 293a3e2f254de802902acd4fb880070099f65882 1 -1 0 0
6910 f91d8c018145f3bb9c8a170d5a59e6e102e9796e 2 -2 4 0
7159 d4aa0cc9991a25e501d8fb7e9cdcdaf0a2656ca5 2 -2 4 0
7300 e8690ef4321127573e04539e96df564e80545e6a 1 -1 0 0
7376 22483737d884889532ee9c0bce928da8b7b901aa 1 -1 0 0
7382 30e2c69fc29e27ca5b842ee9322e31a2ccff0697 1 -1 0 0
7419 5013c9c13352b405a8c782500bdd968d204e6f27 1 -1 0 0
7420 80cc01fe773e345f0156ea62bd63b71ce11b5bd4 1 -1 0 0
7905 4e331fcf549d7ee235c64d00de4015e0d2a707a9 1 -1 0 0

  MEAN POSITIVE   2
   mean negative  2.2 
 mean commulative  1.35
 mean commulative  subtract0