840 6462650a787c96cbb371d6aca201af3d613aad24 1 -2 2 -1
1478 fefa8b7d47b787d2250dc2fd0f35cac5540241e2 1 -1 0 0
1608 d7f5ef53fe74b55f0c8b385b32e94fae6671910a 2 -2 4 0
1713 3ce45b249f898697ae82e8c6dd045966227f3438 2 -1 2 1
1945 8027fad9680e1622d7c70be330422d6b11fc6c88 2 -3 5 -1
2054 26d35ede022f3c5a319dedb3623170f72223b4db 1 -1 0 0
2098 ae686e0f86181bf5a6512afa0198367650d2d71f 1 -1 0 0
2334 1cb7304d90ddcc2c316ebb3410d232f0ed4fc369 1 -1 0 0
2431 8a06163380b3df70071df08a17f2f8c2aa77513c 2 -2 4 0
2467 4cd282c7b21dc06c2d2d02748278f07c94282fc1 2 -2 4 0
2641 5ee7e3bab395fa0b1c6c20bfa9c7efb600b7f834 1 -1 0 0
2652 1294048c3a602ab0de89f46b0f11cbb19d083bef 2 -1 2 1
2698 cb8228592503170f3e3136146f893d4d06d54ee9 1 -1 0 0
2701 564e4b80f642af7fa13c01f407c112778e25ae1e 1 -1 0 0
2803 6b6b377d706d6a4a6e11f83f6db9424537287952 1 -1 0 0
2814 f5256a38ef2e429b5efd4482808bc902bf7634e3 1 -2 2 -1
2840 922e0f13aa83e84727076c48db39df6dde54c951 1 -1 0 0
2841 fb49439a6128d6812558d5089f9a4767cd4e3cc0 2 -1 2 1
3235 122ed4977a42719239e501fc522592994267bd9d 1 -1 0 0
3448 6c69087ee606246bd9f3b88444c162d3c8defe42 1 -1 0 0
3451 09c59804fae9cdb714c596e409c5a4d38927c6c8 1 -1 0 0
3772 9920695ea25aec4589d28c88f8874c86a6e908af 1 -2 2 -1
3868 f979b9484623279babee7efb57231442e3318d98 1 -1 0 0
3870 886436743d5f723318b56be9942a76b24ce14bc7 1 -2 2 -1
3927 842b0eb9e2d530c19b9af3981e2d688411c1e554 1 -2 2 -1
3931 4563c4e2f168df1d6c97206a4ac6444dfa2264ba 1 -2 2 -1
3973 9e6db060854d0e890190919a27a1846f50f69d1a 2 -1 2 1
3998 57eb998efcd6031d01fc441ed0bd8b09c30b78c0 1 -1 0 0
4007 da02c18ad5b54d97a1fcfd5f6633062b0c873c22 2 -3 5 -1
4118 b8d178edb4c159ce4dbd5fe522d584d34ad2c042 1 -1 0 0
4119 7e6f7f3fcd78883086a08f0efb647044b883889b 3 -2 5 1
4257 f6cb9d0a6104d2dad4893d012b2f32f91b6d04c7 1 -1 0 0
4260 5e39089070b438ba090ac4dee83aaf71dc69ce90 1 -1 0 0
4552 7b6500145fa0b9117225475c6c4cd2236ef8c4e6 1 -1 0 0
4553 a18a523fa3e21c78320fadd031716963b3a1c501 1 -2 2 -1
4633 18284d7b4da35a990268f51cdab0abc3a8e6e061 1 -1 0 0
4634 95b17a5e62eeeb7b38ef668508df43a1ee9e0880 1 -1 0 0
4846 19d5babcf9b671385ddaddce05193728a5dfac6a 1 -1 0 0
4847 b281c42014e66e6b9ecef5b1911e51ded8d172cb 1 -1 0 0
4860 84fe98990992bfd57d327c05839dff6f8ec585cc 1 -1 0 0
4864 c8332ddc0c817f2f1554118ddd4a71d38d624d7a 1 -1 0 0
5036 6228a860f39b6980de2da62967c24580f8fb3046 1 -1 0 0
5037 5cdaad56ce59f9efc92cd8c3c1faf6c58b686a0f 1 -2 2 -1
5494 315d4e3193144c3dd917b9a73bfcc91dfe931f02 1 -1 0 0
5499 3d3c3c3a3e4e05f7ae7a0dff440fe500f90b785c 2 -2 4 0
5825 b9a220dbb0fc481e5744417ca599176961f207b4 1 -1 0 0
5826 452ff02ae286668819d1f4ca94f1ed15d2553807 1 -1 0 0
5841 006471e6d11a7893b3bfc030e6369fb91c3eeef3 1 -1 0 0
5845 59243b8de886379e7154c886adbefc74dac24055 2 -1 2 1
5897 ac8b6fa3ca5dd744a49a312c07835328f0805eab 2 -1 2 1
7566 8aded2db86d1232d9d50b4ab59cbd9fdfc7381a1 1 -1 0 0
7592 c5567831aed276ab7bfa3e235da4ad32abf43680 1 -1 0 0
7596 409b1434a8d7c190985631bde824794b3eba20b8 2 -1 2 1
7603 245991f7b16b8733bf14adf1f2dd13c50cab8a93 1 -2 2 -1
9069 9d29cd313cefe5a71042ec9be7117efea882c386 1 -2 2 -1

  MEAN POSITIVE   2.07
   mean negative  2.12 
 mean commulative  1.18
 mean commulative  subtract-0.07