3809 9a802fd306aa12da7a5c770868ec16fb4c5621a5 1 -1 0 0
3826 52188bba8b3c61e9aafd5b0da4c173209a480d4e 1 -2 2 -1
3998 57eb998efcd6031d01fc441ed0bd8b09c30b78c0 1 -1 0 0
4007 da02c18ad5b54d97a1fcfd5f6633062b0c873c22 2 -3 5 -1
4633 18284d7b4da35a990268f51cdab0abc3a8e6e061 1 -1 0 0
4634 95b17a5e62eeeb7b38ef668508df43a1ee9e0880 1 -1 0 0
5857 953aeea61efb31402198b969478d1bda5dcbe613 2 -2 4 0
9032 d4579ba67bfc0788a716485003d14064a5266b69 1 -1 0 0
9033 c77d5c0e2971720263b79fc328253512a7c1b129 1 -1 0 0
9035 e2c0e975c244290674db1eb42e27bc03eb8d3b77 1 -1 0 0

  MEAN POSITIVE   2
   mean negative  2.33 
 mean commulative  1.1
 mean commulative  subtract-0.2