371 4ae3297a857c6a0c84511b4c5e727360f6958c89 1 -2 2 -1
2431 8a06163380b3df70071df08a17f2f8c2aa77513c 2 -2 4 0
2467 4cd282c7b21dc06c2d2d02748278f07c94282fc1 2 -2 4 0
3927 842b0eb9e2d530c19b9af3981e2d688411c1e554 1 -2 2 -1
3973 9e6db060854d0e890190919a27a1846f50f69d1a 2 -1 2 1
3983 5e4103bba9ff1b8a0faaee7fb70504ca515d796b 1 -1 0 0
3984 86be31dde602ef2af040a73940849d0c66c9991f 1 -1 0 0
5953 114ca22329320d7f43af219b473d4c2461e82e7d 2 -2 4 0
8852 c0b5d489887aadb389854ca7a5856b084abd1ef0 1 -1 0 0
8853 69d1a9b48d069fd96bf8e9102b92811a48b53541 1 -1 0 0
8866 0fc874ce466821f764ae67e490b5ca93cc608df5 1 -1 0 0

  MEAN POSITIVE   2
   mean negative  2 
 mean commulative  1.64
 mean commulative  subtract-0.09