698 908753734919c32cc5d4b538fea68f45c1eaf31f 1 -2 2 -1
1063 35803ee3b4362248489db1dd1fc6d483f3c3ee65 1 -1 0 0
1335 d6124a176326169bc87cb29823ca2dc906689680 2 -2 4 0
1475 822f9455a9443da388572be16b48bc02f10b5047 1 -1 0 0
1476 942e45774dac5f3ca8735c979d5627117e28cfea 1 -1 0 0
1482 734d947687f3f3a761f404dbb0bf3dfe8f3f5843 1 -1 0 0
1483 bc083393e77f8139a436683644065e396646d671 2 -2 4 0
1581 581ca2e75fd638f6e95570ac54ff9e6b7b7cde84 1 -2 2 -1
3081 a1fbe916c2642ccc71762f9dd9b77e1e12a87900 1 -1 0 0
3087 52b554f195bbd9e6ee82b4a5c1cc3c7f4347523b 2 -2 4 0
3088 e8793fdb6dcb917c26b09e6352624eb3bcaf3ce5 1 -1 0 0
3235 122ed4977a42719239e501fc522592994267bd9d 1 -1 0 0
3302 890caaaa39b983b44a528e96da046a402dff39d5 2 -1 2 1
3325 8c09f35fe02c38c18f8f7b9e0a531d6ac158476e 2 -1 2 1
3772 9920695ea25aec4589d28c88f8874c86a6e908af 1 -2 2 -1
3933 7016ca24cca083efa9570fcc4b53fe696eaad937 1 -1 0 0
3940 65e36c24654b47f4fc314566d2883582fc2708ba 1 -1 0 0
3983 5e4103bba9ff1b8a0faaee7fb70504ca515d796b 1 -1 0 0
3984 86be31dde602ef2af040a73940849d0c66c9991f 1 -1 0 0
4633 18284d7b4da35a990268f51cdab0abc3a8e6e061 1 -1 0 0
4634 95b17a5e62eeeb7b38ef668508df43a1ee9e0880 1 -1 0 0
4879 681d85054670b922fcc311246eb1d2b5254b7584 1 -1 0 0
4970 f85ad3e3e3f3686d0bdaa3177ed10348cf72375e 1 -1 0 0
5068 b293bb776f0e48674fb5f6e6a822a23011dab305 1 -1 0 0
5072 83dba505e22985fd2f9414e7c6ef14ce29d31713 2 -2 4 0
5133 2be70bde5a6dcd6447c32ef55866020be372f96c 2 -2 4 0
5496 dc251ccc3b44c65c30c1aedeef8d8aa486fa5b89 2 -1 2 1
5498 59f8d5012426884e40b77b02a7c3274eb66019a1 1 -1 0 0
5567 99bd6912e7b5b97fc6d4bb787e76b2d9dfffd7ae 1 -1 0 0
5825 b9a220dbb0fc481e5744417ca599176961f207b4 1 -1 0 0
5826 452ff02ae286668819d1f4ca94f1ed15d2553807 1 -1 0 0
5841 006471e6d11a7893b3bfc030e6369fb91c3eeef3 1 -1 0 0
5845 59243b8de886379e7154c886adbefc74dac24055 2 -1 2 1
5857 953aeea61efb31402198b969478d1bda5dcbe613 2 -2 4 0
5911 a51d4ddc3cc08e445eb426a6a6108fad3fa842b9 1 -1 0 0
5915 af98417f9748cf449473478dda209cb60b20263b 1 -1 0 0
5920 d5579c79e7dcb1eda9835f5a2c7299be7eab28b0 1 -1 0 0
6456 0ea2d8b3d8352681c5ed0b632fc5ed2b6a4a64fa 2 -1 2 1
6457 39111bbe906e41efa82194a5e9aaa4f713a632bf 2 -1 2 1
6458 d6be297b37453bec1120c7f398f3e22554440446 1 -1 0 0
6459 fe56e7727202f85b4a682b2dce6558607c8cf0df 1 -1 0 0
7566 8aded2db86d1232d9d50b4ab59cbd9fdfc7381a1 1 -1 0 0
7592 c5567831aed276ab7bfa3e235da4ad32abf43680 1 -1 0 0
7596 409b1434a8d7c190985631bde824794b3eba20b8 2 -1 2 1
7603 245991f7b16b8733bf14adf1f2dd13c50cab8a93 1 -2 2 -1
8460 d3f6da7052bd692e678a1f79878d1a32b57fe9f2 1 -1 0 0
8462 c49aefc64c23d013479b56947f019252c924e380 1 -1 0 0
8463 79c1241417c3774487c3372423a51ee9fca6019d 1 -1 0 0
9032 d4579ba67bfc0788a716485003d14064a5266b69 1 -1 0 0
9033 c77d5c0e2971720263b79fc328253512a7c1b129 1 -1 0 0
9035 e2c0e975c244290674db1eb42e27bc03eb8d3b77 1 -1 0 0
9158 e3ed76a5100c1e3b83c0d4a4abc57ce673df56f6 1 -1 0 0
9160 60a544ae112b5b6a7bba76e3357f143bc207ce6b 1 -2 2 -1
9162 69425d803b34589309a69eddc53a338e1409b30c 1 -1 0 0
9166 99b9ad2143e5e9e626879309ecc6f883403bdcae 1 -1 0 0
9695 d0b384b30ae5c034aedcedf10c541080d1d80c70 1 -1 0 0
9697 4fcaf6a92b08fa7ed2a4c868d139d138f8c281b8 1 -1 0 0
9698 36936dfeeca9ff39abf49d24dd8435769908cd51 1 -1 0 0
9710 45299317fe7d0dbfca0c5811fe1248d92b1a986f 1 -1 0 0
9724 1d4c7481b53214effc069d4269c4c17f888ff43f 1 -1 0 0
9725 b6ae62d621b3ce744727fb4cac7e6ae79b524657 1 -1 0 0
9749 ee76a2912fa5611f18dd6d46d7ed4c7b6037bbb8 1 -1 0 0
9750 1389a6b5f99f79e9eb2a1ff2b2a8dff24bc0d817 1 -1 0 0
9753 0b98ec74ff26f922ef99c4acf1431f6e8d3dac27 1 -1 0 0
9785 555b20d30ea06c324b5097cd03280f0b5f962630 1 -1 0 0
9790 ad32f86d2449aaf91c1769652d5e4a5343cee957 1 -1 0 0
9810 b512deacf3dfbae3a5f7244a5776e3f2b9171956 1 -1 0 0

  MEAN POSITIVE   2
   mean negative  2 
 mean commulative  0.72
 mean commulative  subtract0.03