1713 3ce45b249f898697ae82e8c6dd045966227f3438 2 -1 2 1
1945 8027fad9680e1622d7c70be330422d6b11fc6c88 2 -3 5 -1
5499 3d3c3c3a3e4e05f7ae7a0dff440fe500f90b785c 2 -2 4 0
5567 99bd6912e7b5b97fc6d4bb787e76b2d9dfffd7ae 1 -1 0 0
5920 d5579c79e7dcb1eda9835f5a2c7299be7eab28b0 1 -1 0 0
7929 bcf38645bef192b380f0d338b263aea075cd1aeb 1 -2 2 -1
8852 c0b5d489887aadb389854ca7a5856b084abd1ef0 1 -1 0 0
8853 69d1a9b48d069fd96bf8e9102b92811a48b53541 1 -1 0 0
8866 0fc874ce466821f764ae67e490b5ca93cc608df5 1 -1 0 0
9710 45299317fe7d0dbfca0c5811fe1248d92b1a986f 1 -1 0 0
9724 1d4c7481b53214effc069d4269c4c17f888ff43f 1 -1 0 0
9725 b6ae62d621b3ce744727fb4cac7e6ae79b524657 1 -1 0 0

  MEAN POSITIVE   2
   mean negative  2.33 
 mean commulative  1.08
 mean commulative  subtract-0.08