50 b8397698e2834ed8af03c1bff7d570aff0e2f5bb 1 -1 0 0
586 87107c5cb1fb5fdafdaa94460fb6797af60fcde9 1 -2 2 -1
977 88124bee305697810ee441a98f5a04dad1610750 1 -1 0 0
984 c87a0a0ac401d121ddd282ca1dd03d505f7ab5af 1 -1 0 0
1335 d6124a176326169bc87cb29823ca2dc906689680 2 -2 4 0
1475 822f9455a9443da388572be16b48bc02f10b5047 1 -1 0 0
1476 942e45774dac5f3ca8735c979d5627117e28cfea 1 -1 0 0
1482 734d947687f3f3a761f404dbb0bf3dfe8f3f5843 1 -1 0 0
1483 bc083393e77f8139a436683644065e396646d671 2 -2 4 0
1490 6b1474d906d34115fb1fdfc406a1de237be3f89c 1 -1 0 0
1513 7d7b8fb5d49f986d0e01619829ae3f4f82df46ce 1 -1 0 0
1581 581ca2e75fd638f6e95570ac54ff9e6b7b7cde84 1 -2 2 -1
1713 3ce45b249f898697ae82e8c6dd045966227f3438 2 -1 2 1
3087 52b554f195bbd9e6ee82b4a5c1cc3c7f4347523b 2 -2 4 0
3302 890caaaa39b983b44a528e96da046a402dff39d5 2 -1 2 1
3325 8c09f35fe02c38c18f8f7b9e0a531d6ac158476e 2 -1 2 1
3474 e67970189bad5e7cc04db1c41481e85c514d4397 1 -1 0 0
3475 9f5f7f1bba88a85f9fbb827e36cbc93d4a8bb499 1 -1 0 0
3772 9920695ea25aec4589d28c88f8874c86a6e908af 1 -2 2 -1
4633 18284d7b4da35a990268f51cdab0abc3a8e6e061 1 -1 0 0
4634 95b17a5e62eeeb7b38ef668508df43a1ee9e0880 1 -1 0 0
4653 a59d9536fc130d649fba4d964636e6901b7e03e3 1 -1 0 0
4654 671d47558838b7c4c01b0830c251f18125fd89ce 1 -1 0 0
5068 b293bb776f0e48674fb5f6e6a822a23011dab305 1 -1 0 0
5072 83dba505e22985fd2f9414e7c6ef14ce29d31713 2 -2 4 0
5496 dc251ccc3b44c65c30c1aedeef8d8aa486fa5b89 2 -1 2 1
5498 59f8d5012426884e40b77b02a7c3274eb66019a1 1 -1 0 0
5825 b9a220dbb0fc481e5744417ca599176961f207b4 1 -1 0 0
5826 452ff02ae286668819d1f4ca94f1ed15d2553807 1 -1 0 0
5837 8468e27abead39a9c2027095965874f2386c67db 1 -1 0 0
5840 c4e3431fab6279bf4d7a2a0a9dac79a35d457c65 1 -1 0 0
9695 d0b384b30ae5c034aedcedf10c541080d1d80c70 1 -1 0 0
9697 4fcaf6a92b08fa7ed2a4c868d139d138f8c281b8 1 -1 0 0
9698 36936dfeeca9ff39abf49d24dd8435769908cd51 1 -1 0 0

  MEAN POSITIVE   2
   mean negative  2 
 mean commulative  0.88
 mean commulative  subtract0.03