167 802de810020fba3f86282cd1d66597a2a41698e3 1 -2 2 -1
840 6462650a787c96cbb371d6aca201af3d613aad24 1 -2 2 -1
952 f7900cb4967f007c9d2034d442dbc63445e9200a 1 -1 0 0
1713 3ce45b249f898697ae82e8c6dd045966227f3438 2 -1 2 1
2653 78d3947aeebf2d8c0d17fe35d0fd94e53013b60e 2 -2 4 0
3235 122ed4977a42719239e501fc522592994267bd9d 1 -1 0 0
3761 eacf5a536e29b366e6e2dcf6a80d86ad5241734c 1 -1 0 0
3809 9a802fd306aa12da7a5c770868ec16fb4c5621a5 1 -1 0 0
3826 52188bba8b3c61e9aafd5b0da4c173209a480d4e 1 -2 2 -1
3973 9e6db060854d0e890190919a27a1846f50f69d1a 2 -1 2 1
3983 5e4103bba9ff1b8a0faaee7fb70504ca515d796b 1 -1 0 0
3984 86be31dde602ef2af040a73940849d0c66c9991f 1 -1 0 0
4038 9be69095bcb0d56373c0a0e52f0b3840aa0df127 1 -1 0 0
4045 0757ce4af2764e4dd564acc0b1a013e910abc8da 3 -2 5 1
4087 7c6a3d2fa9361fdd473d74f4e335bdbd914a95e5 1 -1 0 0
4088 8dc4366bbaad39d56e1c2ded4046c86a95a17666 2 -2 4 0
4633 18284d7b4da35a990268f51cdab0abc3a8e6e061 1 -1 0 0
4634 95b17a5e62eeeb7b38ef668508df43a1ee9e0880 1 -1 0 0
5068 b293bb776f0e48674fb5f6e6a822a23011dab305 1 -1 0 0
5072 83dba505e22985fd2f9414e7c6ef14ce29d31713 2 -2 4 0
5494 315d4e3193144c3dd917b9a73bfcc91dfe931f02 1 -1 0 0
5567 99bd6912e7b5b97fc6d4bb787e76b2d9dfffd7ae 1 -1 0 0
5953 114ca22329320d7f43af219b473d4c2461e82e7d 2 -2 4 0
6441 7a2b0effab69a9c9c94337c1358756cd4c661622 1 -1 0 0
6443 da2077e394641b54b4d94404829403bc0eff59e4 1 -1 0 0
6445 4ad5b5f5933425e4416c5ef4434e0c8c16ccf0a8 1 -1 0 0
9710 45299317fe7d0dbfca0c5811fe1248d92b1a986f 1 -1 0 0
9724 1d4c7481b53214effc069d4269c4c17f888ff43f 1 -1 0 0
9725 b6ae62d621b3ce744727fb4cac7e6ae79b524657 1 -1 0 0

  MEAN POSITIVE   2.14
   mean negative  2 
 mean commulative  1.07
 mean commulative  subtract0