1465 a8e22985d7866fb0528d85d9710a5bc0f482d91a 1 -1 0 0
1508 2583fc1e069d0a54df46258d360499492d7e86d2 2 -1 2 1
1563 2bd92d5d0685144aad566b9d29454fb519ff0371 1 -2 2 -1
7290 fc8202463e64d9e85af3c99c1d8552d4bb74b7dc 1 -1 0 0
7323 61d97ddda8ed09761f48fa1ed7c99b1a6caed948 1 -1 0 0
7327 72c2a6e5c2990df7f36c4f7305d4ba4b28e10023 1 -1 0 0
7833 4ad687a0d841dd10470c79007575ee2a9ec2894e 1 -1 0 0
7839 d3446c5708aff2580d4ddb9f559e72784bfac55e 1 -1 0 0
8226 405febf56adbb2dfb3b2c68d8e76cc5212b9d683 1 -1 0 0
8350 d1d2f0222443ace71e0cd48c7ad1538627f7a286 2 -1 2 1
8360 2f1b4e2fd9cbe724f310d44a5a467cc806740036 1 -1 0 0
8361 a9d37050cb427cca92587341f399606edfc8ef8d 1 -1 0 0
8560 51bfee595c3ce587e2e26565fd9e8f4ae02c3482 2 -1 2 1
9733 fc0ab213b8637f4d9177ff5f08c4fdc155bbb941 1 -1 0 0
17334 6dc0f9639e5c566818930fa183e67927a1b761f8 1 -1 0 0
17459 e78c1879058571c00879f0d3e756951302adf513 1 -1 0 0
18095 436b29e68e6608bed9e8e7d54385b8f62d89208e 1 -1 0 0
19092 2571f0dcb1cc96b7220687aff6fcddc623b57c3c 1 -2 2 -1
19131 c84832a173ded6640d399b34a366fa426dfe003a 1 -1 0 0
19132 58b0291fe6e6e47bf3d7457d8cf2648b8ce4a1ae 1 -1 0 0

  MEAN POSITIVE   2
   mean negative  2 
 mean commulative  0.5
 mean commulative  subtract0.05