1563 2bd92d5d0685144aad566b9d29454fb519ff0371 1 -2 2 -1
6730 409fbb738b8c6c91015cbafec06d66d439d93622 2 -1 2 1
6743 4069869e2cedefe0778af812cba760124445aada 2 -1 2 1
6756 156d1827806d70060952f4d0d1752c455a7dcfbc 1 -1 0 0
6757 ee3987475e1d29e8355bdb9e068149eb01e3fd43 1 -1 0 0
7833 4ad687a0d841dd10470c79007575ee2a9ec2894e 1 -1 0 0
7839 d3446c5708aff2580d4ddb9f559e72784bfac55e 1 -1 0 0
7885 4e4cdeffdb6087c953f44808f14f18554a749bda 2 -2 4 0
8061 eac9c273dc23fb4eeae17ff2db07ce01325d6bc6 1 -1 0 0
8062 5160536df91bb9daa6cac9a878ce406deda791c6 1 -1 0 0
9630 7e3806262e87a4ec74179712dc6bdfeba982b304 1 -1 0 0
18095 436b29e68e6608bed9e8e7d54385b8f62d89208e 1 -1 0 0
19564 0f4f2f3a81f2a6d7100b4cff0d8de062cb2bc8f6 1 -3 3 -2

  MEAN POSITIVE   2
   mean negative  2.33 
 mean commulative  1
 mean commulative  subtract-0.08