1465 a8e22985d7866fb0528d85d9710a5bc0f482d91a 1 -1 0 0
7569 6776c67ac12161b3e5e25c8848b46656ea91be1d 2 -1 2 1
17441 2c12ed9e4b6625019f0101b02737dbe4a31be224 1 -1 0 0
17451 2c88a877f88b142fa8fd36c1773ab484b5fd7338 1 -2 2 -1
17459 e78c1879058571c00879f0d3e756951302adf513 1 -1 0 0
18095 436b29e68e6608bed9e8e7d54385b8f62d89208e 1 -1 0 0
19131 c84832a173ded6640d399b34a366fa426dfe003a 1 -1 0 0
19132 58b0291fe6e6e47bf3d7457d8cf2648b8ce4a1ae 1 -1 0 0

  MEAN POSITIVE   2
   mean negative  2 
 mean commulative  0.5
 mean commulative  subtract0