130 0a73451dd67a4ffe07e30196c78fd4e344386749 1 -1 0 0
145 b274c62d077b0651fe945b1075640af2a085c5c8 2 -2 4 0
309 8d52a6a3492cbf49354060a7bd80616fb2ed7f2a 1 -1 0 0
410 40e17580a1b121f15649e4bf712601872ba1e0d8 1 -2 2 -1
424 eda1a8b54bf1f4c39d13a1c543227595036663a0 2 -2 4 0
472 71e9d102592a1054b4d55aa2736dedf790fc4c89 1 -1 0 0
832 3132b8febc5c316d5cc1b366df7af68db10c80c4 1 -1 0 0
959 f77a3fc01d171f1f58826beeac39ef7560ade5e9 1 -1 0 0
1627 5679cdc6936556c323044e5eb3a786cc04025ea9 1 -1 0 0
1955 2b8c6d05b4ecd7e6789e3c5711667ddf5c6f22f6 1 -1 0 0
1979 f74fa3dd014cc355f06112fb57badb49403c94d8 1 -1 0 0
2519 0d9658473cdffa52406bc5d0fdee36510d095df3 1 -1 0 0
2646 c095c8f95cadbd5fac7952da6aaa4c13aae1274e 2 -1 2 1
2781 9223077df78e03663b574766098258a6113974a6 1 -1 0 0
2823 cade627879545075e5ae68e7c1e7adfb0033768b 1 -1 0 0
3850 117a421201a430869267336c912d83f649d5751b 2 -1 2 1
4212 318b116667e631946d636d6f8d2f95c1bca198b9 1 -1 0 0
4261 904381266a0e9d51f37646c0cf345af50d625250 1 -1 0 0
4722 1da47ab5cdd50df3c6e30e7f3d87c5cf839ecbe1 1 -1 0 0
6290 388b29d3853777ed880d80675542dcd0f8e01a4d 1 -1 0 0
7159 d436a0906e9ba253c4caba170f9f8decfb21ed46 1 -1 0 0
7161 99d59787362ed96dbc5c73ba9e140221a17a377a 1 -1 0 0
7649 17a3aa72cad6cb3e5ab5dfa9a69a9c571fcd1bc3 1 -1 0 0
8231 cdb202eec3a3b7bf63b4612857547b2bc23119b9 3 -1 3 2
8241 cdb8994eb6ea9e1eecdb50418c3e843a515f2ebe 1 -1 0 0
8242 32ffa27129735f1165cbb6234d8e7f7d1d71141f 1 -1 0 0
8470 c739e2c9ea4d01c6a214901b9880ece4ec4d79fc 1 -1 0 0
8478 7af0694e0e0e0ea4a1488b4ebea44f933a065574 1 -1 0 0
9214 71ddf22fdc5318fe24ec757abd765c13fa5a7768 2 -1 2 1
9832 12a3f764cb68a0c7a08c2c263e5c9f8491ac0277 1 -1 0 0
10237 7deac93dc1a6afee9e958ba82940288eaf34e32e 1 -1 0 0
10291 17b22f8ddb24f5ca46e58678af6fe3cbd2df03c8 1 -1 0 0
10348 a94b1d0cb4207723d3a21dda63f2dac49581af25 1 -1 0 0
10440 691653dbda084f1bdeabccc0d26c907ac8fe982b 1 -2 2 -1

  MEAN POSITIVE   2.17
   mean negative  2 
 mean commulative  0.62
 mean commulative  subtract0.09