130 0a73451dd67a4ffe07e30196c78fd4e344386749 1 -1 0 0
1964 f76351643767aac2a89bb6dc09faa17e4bc07dfe 2 -1 2 1
1969 187c422222b3daecbabe7a42207a6f12c69e3a9b 2 -1 2 1
1970 9db86506b12181f1e1917a625113399eed4a53a5 1 -1 0 0
2198 33cbc4d379ef7da7dd844d84bc960f5afb892616 1 -1 0 0
2408 6947d48a64e139cd4bd4d19514fa6f8f589ac73c 1 -1 0 0
2477 8c8fb8e48292257efeaae4c14be3ecd60c69c6ea 1 -1 0 0
2788 9c85d54305d11e5013b15a215f1eaf407423d1fb 1 -1 0 0
3524 1133beaffa089428b496cc2cf59a69f98068aee2 1 -2 2 -1
4452 ae2d4b774c94d68f6cb8e3f4864f06089e593441 1 -1 0 0
4518 43c88f222bde628901537f6a86d211f173f68f70 1 -1 0 0
4641 f4bfaa38d0487bf82deecfc63c0c9e46ee6dfa44 1 -1 0 0
5120 76345da4111ac6b4f6714777756226de8b7867ed 2 -1 2 1
5317 1e56def1302c23fcdc76ad662d58a034a6818aa2 1 -2 2 -1
5509 d691ddc44e7d04139578d5e546eed95b35fc4402 1 -1 0 0
5625 5bd427ba7a10bd022c9871c4fc7e6bad95b128d5 1 -1 0 0
5626 2246a44b2ba09e4ff1ddee82074204bc6c479fea 1 -1 0 0
5627 7f97b142ec652e34131a33fc2721ef77619ae4d3 1 -1 0 0
5628 be5431c4d8c12735b36ff7f8f363d488db400e71 1 -1 0 0
5629 94b68fbaf29a9749e5f9d306b7f02b44c5c82994 1 -1 0 0
5631 caa44a4f02114083216437917795b03022f1675f 1 -1 0 0
6231 232106e652c68d224f68ee8ed600c9fc237becb7 1 -1 0 0
6449 ec7629ddb0ee0caf6bd3d9653feb605bee4536c5 2 -1 2 1
6718 0d83d1b2ee658b71668c8465a2e6af70968b29b0 1 -1 0 0
6720 39beced3be52d087ff4341b97f88e24d712595d2 1 -1 0 0
6721 947044d43cb85ba604681177e51fdf7383ba3750 1 -1 0 0
6722 e6511ac7a109d49e7c385cd89fc220e481f32613 1 -1 0 0
6774 ad2093a2af458c44eb9c3a50136447e6066b027a 1 -1 0 0
7127 2eba96ce76a4612ca94750f553c1748b4eb996c9 1 -1 0 0
7159 d436a0906e9ba253c4caba170f9f8decfb21ed46 1 -1 0 0
8156 63438da9cd86b20b1533022eb16d08d1270fb087 1 -1 0 0
8200 bdda5d5faa8b4b7307b7d351cc59c1ff1c99356b 1 -1 0 0
8466 3c78d81417242cab48473d06e525015935890514 1 -1 0 0
8509 f631086fbcb4afc135c094b8da6f89da73b30e97 2 -1 2 1
9215 e4472edff90210107126edb619beca2f26378eaf 1 -1 0 0
9653 cc89b9e7a6743f5cfe5bcaa2045ca3dd73958ca2 1 -1 0 0
9689 2d10ee05bd5f1c09cbdddfe91a203eed56d7631f 2 -1 2 1
9697 e648b8cf3074901a349f7d3e9cd5e4693d8cc90f 1 -1 0 0
9952 3a9b634b03de4a4ab78f0d5ac805aefccd6336cb 1 -1 0 0
10237 7deac93dc1a6afee9e958ba82940288eaf34e32e 1 -1 0 0
10313 217d351b18dc318ac5c022ee43fddb5f65edbe04 1 -1 0 0
10314 c5f0a78d14f59fa77330246ddfe48664e63ccda7 1 -1 0 0
10330 e9ebb4822d51caa434669d32518868d24604bd9f 1 -1 0 0
10351 4ae3b8eb00828cdec3d888bcdd0c1f8839ed791b 1 -1 0 0
10447 19e250efc221b8b971db678618a65eed99076a2b 1 -1 0 0

  MEAN POSITIVE   2
   mean negative  2 
 mean commulative  0.36
 mean commulative  subtract0.09