130 0a73451dd67a4ffe07e30196c78fd4e344386749 1 -1 0 0
641 802ff3343eff759323f67514e17d8397854f5618 1 -1 0 0
2198 33cbc4d379ef7da7dd844d84bc960f5afb892616 1 -1 0 0
2519 0d9658473cdffa52406bc5d0fdee36510d095df3 1 -1 0 0
2646 c095c8f95cadbd5fac7952da6aaa4c13aae1274e 2 -1 2 1
2650 73fad28771ab93551dadb47982d2891179c3945c 1 -1 0 0
2660 66b81a1c9c22b7320c0add2e6782ed6a02fac2f9 1 -1 0 0
2663 b754c88a7e484d5f4d488f9a445de34bd524df2e 1 -1 0 0
2664 dfbbca8016d0a5c50c5f5ae8922fb41d3858c5d7 1 -1 0 0
2670 838ed10daaecf752dd8f574081fbd815cdcae785 1 -1 0 0
2760 59bbba351c0e0a06067ad4b600c1a96b6fc89d12 1 -2 2 -1
2788 9c85d54305d11e5013b15a215f1eaf407423d1fb 1 -1 0 0
2823 cade627879545075e5ae68e7c1e7adfb0033768b 1 -1 0 0
3370 d70c66de614562eda64e1782f151f1d263436ea2 1 -1 0 0
3392 2e65228c7ee4c960bd13c089c457e2b27e3e7bc0 1 -1 0 0
3629 577d5d7cbb81fed58d08ca8723d31ea4f0ee4b57 1 -1 0 0
4212 318b116667e631946d636d6f8d2f95c1bca198b9 1 -1 0 0
4261 904381266a0e9d51f37646c0cf345af50d625250 1 -1 0 0
4413 c4a0168acf3b6036b0aa96bc83bef438da1dfdb0 1 -1 0 0
4452 ae2d4b774c94d68f6cb8e3f4864f06089e593441 1 -1 0 0
5509 d691ddc44e7d04139578d5e546eed95b35fc4402 1 -1 0 0
5767 1d41a235b0b9bf3ae4024485a6b4e6cb86330fc5 1 -1 0 0
5861 cd6fb0fe365e80c066de380d28371a451c75562f 1 -1 0 0
6101 c21f8a77030dbb606a767441faf456df68ed994b 1 -1 0 0
6278 8ce86b3c7dd14aeb890bac19e3a5e345365f9933 1 -2 2 -1
6372 694b4194b3974214cb2dd506ddfc2d02b3a3a1bc 1 -1 0 0
6455 e497f297ce4a2581688da8daddfc0bb96f8df0c5 1 -1 0 0
6714 8107cfdcb297071128b730303ad4a7c02214565a 1 -1 0 0
6716 6352faca8cd839bdc7f335dbbecc217d22c5d4e0 1 -1 0 0
6789 6f941382e57b2675f55fa9cadfbe869959ad2a83 1 -1 0 0
6935 870e64d5c3614cc2648c64b9e2152f78ba0d62a6 1 -1 0 0
6937 a0f5a537eaa67675f04af72f251efb7f062c74f2 1 -1 0 0
7104 2a95fda39a7153ce28143547f7755f5dfd8bec89 1 -1 0 0
7285 4b745ed44da0dbf8be992b1438ecbcea5659c0a0 1 -1 0 0
7649 17a3aa72cad6cb3e5ab5dfa9a69a9c571fcd1bc3 1 -1 0 0
8211 20387725811f4fcb51c40bac8b760faedfede396 1 -1 0 0
8231 cdb202eec3a3b7bf63b4612857547b2bc23119b9 3 -1 3 2
8478 7af0694e0e0e0ea4a1488b4ebea44f933a065574 1 -1 0 0
8581 987a787c63574cd97ce16a4098a34d7debb77d41 1 -2 2 -1
8681 d05b37465907aa2fbbbe219c032f75c03bcd4786 2 -1 2 1
8899 c575b5d5336fadb85de16325d3b0f9e29b6736d9 1 -1 0 0
9327 b98d43508c91f1cb01d53b22395693ca87d69d5e 1 -1 0 0
9368 769bac9d7774dc1cc4288366ce749d18881b839b 2 -2 4 0
9435 356053a9066e84eb44c57b5b5c957155ba13e614 1 -2 2 -1
10299 911739d353b077773461c2d93763595c1a79a7bd 2 -1 2 1
10300 cc3b7766a215eb20292ddc6372f1b4f3f29c52cf 1 -1 0 0
10313 217d351b18dc318ac5c022ee43fddb5f65edbe04 1 -1 0 0
10338 176c132b13c76d2d7a2fcead322b29fcfc4399a6 2 -1 2 1
10348 a94b1d0cb4207723d3a21dda63f2dac49581af25 1 -1 0 0
10418 b2d3dcd641bbf2b4d26eda8454b37a5397185a27 2 -1 2 1
10440 691653dbda084f1bdeabccc0d26c907ac8fe982b 1 -2 2 -1
10447 19e250efc221b8b971db678618a65eed99076a2b 1 -1 0 0

  MEAN POSITIVE   2.14
   mean negative  2 
 mean commulative  0.52
 mean commulative  subtract0.04