424 eda1a8b54bf1f4c39d13a1c543227595036663a0 2 -2 4 0
832 3132b8febc5c316d5cc1b366df7af68db10c80c4 1 -1 0 0
1627 5679cdc6936556c323044e5eb3a786cc04025ea9 1 -1 0 0
1964 f76351643767aac2a89bb6dc09faa17e4bc07dfe 2 -1 2 1
1965 fd94795860962ade6b0679423cee8b0a78f7c3e3 1 -1 0 0
2140 00ae210cf7ba27c471b73d8be3d15326c18d9330 1 -1 0 0
2637 eee863ca66d4633036a213913b0effcfc48f017c 1 -1 0 0
2646 c095c8f95cadbd5fac7952da6aaa4c13aae1274e 2 -1 2 1
2660 66b81a1c9c22b7320c0add2e6782ed6a02fac2f9 1 -1 0 0
2663 b754c88a7e484d5f4d488f9a445de34bd524df2e 1 -1 0 0
4169 eaf439dcd66dfd73139c6ba8afda072c370d46cc 1 -1 0 0
4170 a17b8e3c6e157e0f8280a1950bdd209bd059fa1d 1 -1 0 0
4212 318b116667e631946d636d6f8d2f95c1bca198b9 1 -1 0 0
4516 717c491f103981eb5637668ddd45eb413a9825a2 1 -1 0 0
4639 98e0f472c7a2812cdd10803fc29b927a7938bff5 1 -1 0 0
5854 b5b86a8ed79870ed7ea9da9a28f5c23b99b3521f 1 -1 0 0
6088 d32fa65cc7a2f0dc09fa1ce65f25336353cf7c31 1 -1 0 0
6449 ec7629ddb0ee0caf6bd3d9653feb605bee4536c5 2 -1 2 1
6715 4bde70dd3aebb235cc21b19f4ee3fbae50a519bc 1 -1 0 0
6716 6352faca8cd839bdc7f335dbbecc217d22c5d4e0 1 -1 0 0
6718 0d83d1b2ee658b71668c8465a2e6af70968b29b0 1 -1 0 0
6719 87e8f8eb0524f899efe78131f9c2bbf67ea28b3d 1 -1 0 0
6757 9f8e1760016bd5ce43e1054539240e044f72fcb8 1 -1 0 0
6774 ad2093a2af458c44eb9c3a50136447e6066b027a 1 -1 0 0
6905 49463978c3cf269f2768501cdb7aed9b9d2b9d9c 1 -1 0 0
6935 870e64d5c3614cc2648c64b9e2152f78ba0d62a6 1 -1 0 0
6937 a0f5a537eaa67675f04af72f251efb7f062c74f2 1 -1 0 0
7127 2eba96ce76a4612ca94750f553c1748b4eb996c9 1 -1 0 0
7159 d436a0906e9ba253c4caba170f9f8decfb21ed46 1 -1 0 0
7268 bb94d1beb85384a8acf9f943a6356c800eb3a9f9 1 -1 0 0
7342 f4f1b438af513f89dee2a52540377099bed70e8e 1 -1 0 0
7649 17a3aa72cad6cb3e5ab5dfa9a69a9c571fcd1bc3 1 -1 0 0
8478 7af0694e0e0e0ea4a1488b4ebea44f933a065574 1 -1 0 0
8581 987a787c63574cd97ce16a4098a34d7debb77d41 1 -2 2 -1
8858 ee6a724979f5eb9463fb643fd167406d7ae3fbe0 1 -1 0 0
9197 53a60235e43d335e1524092cd2701c897ffd6422 1 -1 0 0
9215 e4472edff90210107126edb619beca2f26378eaf 1 -1 0 0
9328 fe053e900cd565a9c2c50c021d59be0bc7799b34 1 -1 0 0
10237 7deac93dc1a6afee9e958ba82940288eaf34e32e 1 -1 0 0
10302 61bf019feec6950b731aaf34d44d2064bb3149a0 1 -2 2 -1
10313 217d351b18dc318ac5c022ee43fddb5f65edbe04 1 -1 0 0
10418 b2d3dcd641bbf2b4d26eda8454b37a5397185a27 2 -1 2 1

  MEAN POSITIVE   2
   mean negative  2 
 mean commulative  0.38
 mean commulative  subtract0.05