1180 72140669f117ddeb6ca345a9279cb189a70c71a5 1 -2 2 -1
1391 5740f9cb061e74bf3f9c85286c4f7e9520ee092f 3 -2 5 1
1495 98f57b0443fc8ae94474aeeb35f2ce80d83e1d38 1 -1 0 0
1498 40a176996aba0125ae4d96cb24ffbec0f7e9eb89 1 -3 3 -2
2487 61f74a086e0bf3778755ec91a14ea427ac1a4460 2 -2 4 0
2975 c57a7dfd7653bcc8c3a7128582cd9cb6bc7a20ca 1 -1 0 0
3407 17d1bb348d736e09080a73780759690ef9c2302b 1 -1 0 0
3763 1351949511392fa731094c077f0e6a31cf2d29d7 1 -1 0 0
4144 2dea87df816e1c65876c5097a829cea6c70dbb0e 2 -1 2 1
4420 8f42b1c3d623e34c67b9979c0e420ce0dc7d0a43 2 -2 4 0
4541 28da04bd8d926f82253669a0ef6633d47ce88816 1 -1 0 0
4549 02b5704d50d994f4448608a81cce055697678c32 1 -1 0 0
5184 989dc1409d3431973e119b34bb1235b1eed4e206 3 -2 5 1
5219 6e38a2786a18642c1e0fc6e855ffd339a4fc7405 2 -2 4 0
5423 a42b17584a203c9a5b65fc79a6dd27098dd20b12 1 -1 0 0
5933 12e699cabdc7e84b4044e2079a9940867c1d672b 2 -1 2 1
6242 27e24b5b5601ef9cfe341ac60d99f616f7752c33 2 -2 4 0
6447 715c8ccc22149ef585499a97f6a12024b443b3c7 3 -1 3 2
6479 edefa96b423b35689ecfead40e882a233f0b5250 2 -2 4 0
6574 04914a83a6241093ad52290f22a7feb0696a43a2 1 -1 0 0
6866 18baddbdafddae8628091f797c774692dda19b40 1 -3 3 -2
6879 5d1873f93cae1e954f167bbdf0022defd6587c74 2 -2 4 0
7475 3757cbf33e7185b342320290f55da2ee132e23df 1 -1 0 0
7780 4ca2c61add79db15610d72ccbbe2a762a84bf0de 1 -3 3 -2
7810 bfedfe1d0047601cfed6983c3ec93036601ba71f 1 -1 0 0
8294 5e30aad8181dfcbd3f0a9267911114a36a21a614 2 -1 2 1

  MEAN POSITIVE   2.25
   mean negative  2.25 
 mean commulative  2.08
 mean commulative  subtract0