2188 fd486836c00504a2e9bcb3317fe8754aa3859003 1 -1 0 0
3012 eff6a63fb613ddb084b015fc18119aad20ced30c 1 -2 2 -1
3777 ed43e12ae96f2127f968b8cf3ef11c587e0cc472 1 -1 0 0
4754 b6c0d2a32cb38b876c89ee681765edc8aaefa47d 2 -1 2 1
5684 381c9cffd685f28addece52745cc9ce2a9f4586c 1 -2 2 -1
6176 bfbee1654edfeea802977a740542e8bcf104cbcc 3 -3 6 0
7444 412be3c833519ac48d613dd0cb6098d40ddcc9ae 1 -1 0 0
7635 a0f2ee2f1c5efb288dbcafd30228217a8e742089 2 -2 4 0

  MEAN POSITIVE   2.33
   mean negative  2.25 
 mean commulative  2
 mean commulative  subtract-0.12