565 4a983731f6d7d437f715b809eff037d8e2f7674a 2 -1 2 1
1180 72140669f117ddeb6ca345a9279cb189a70c71a5 1 -2 2 -1
1498 40a176996aba0125ae4d96cb24ffbec0f7e9eb89 1 -3 3 -2
1596 add312ae46e6974f0baf2f62d15f113914919e08 1 -1 0 0
2727 c18f182bc0cf60a29943cb4a43061fa8602bd1d7 1 -2 2 -1
2783 c00b5272c6a74a2d06ce3aa8c131abf63411663d 1 -2 2 -1
2975 c57a7dfd7653bcc8c3a7128582cd9cb6bc7a20ca 1 -1 0 0
3001 4965744804461ccec3e1f1c5a3e56749abea5070 1 -2 2 -1
3025 7fa2ee1dfa3051518b769254d3731d3f0879e20f 1 -2 2 -1
3360 a4603e75c9c49e425cba4bb8dc8186b557c1a162 2 -2 4 0
3362 716bb8f2453c5bf3369b5432519cf3ff48303465 1 -2 2 -1
3535 f0b0a7047c4ec7e2c92e8e9ad43854fe8c99faed 1 -2 2 -1
3768 d554c42dae8340a2f00e752da7d3c6d2b22d8b01 1 -2 2 -1
4224 49cb65fb2af13d5096d50fd623e2b14233f14c66 1 -1 0 0
6155 847ed8fbea02fd4c82108d5dc57950f1c17e2d61 2 -1 2 1
6886 2134e488e0e6eb8c2e2a5c96eecd48bbf7d355f6 1 -1 0 0

  MEAN POSITIVE   2
   mean negative  2.1 
 mean commulative  1.69
 mean commulative  subtract-0.5