565 4a983731f6d7d437f715b809eff037d8e2f7674a 2 -1 2 1
2005 8537cd0b909152d913d04c1aa4550f6d359882c4 1 -1 0 0
2975 c57a7dfd7653bcc8c3a7128582cd9cb6bc7a20ca 1 -1 0 0
3004 5c20a06242caaf73ec20043437578ce343bff6c4 1 -1 0 0
3362 716bb8f2453c5bf3369b5432519cf3ff48303465 1 -2 2 -1
3768 d554c42dae8340a2f00e752da7d3c6d2b22d8b01 1 -2 2 -1
6730 08088a47ec91a8af57b64801a32056a678814389 1 -1 0 0
7934 8d40d12e924c883ef2178d7df95df44b6d9d751b 1 -1 0 0
8142 f3d49cb0c61056ee05f8e2454ff41cf8101b701c 1 -1 0 0

  MEAN POSITIVE   2
   mean negative  2 
 mean commulative  0.67
 mean commulative  subtract-0.11