36 f392cf45a79a36cf5de7c3c0fd075924d9d47e22 1 -1 0 0
565 4a983731f6d7d437f715b809eff037d8e2f7674a 2 -1 2 1
2975 c57a7dfd7653bcc8c3a7128582cd9cb6bc7a20ca 1 -1 0 0
3777 ed43e12ae96f2127f968b8cf3ef11c587e0cc472 1 -1 0 0
4224 49cb65fb2af13d5096d50fd623e2b14233f14c66 1 -1 0 0
4330 35f5295573370b2e28dcdc3872a9fa5c5722119f 1 -2 2 -1
4407 edf43951f86e7aaa2fab2c6a0fd81d4d9527be85 2 -2 4 0
5684 381c9cffd685f28addece52745cc9ce2a9f4586c 1 -2 2 -1
6242 27e24b5b5601ef9cfe341ac60d99f616f7752c33 2 -2 4 0
6314 82e0b0758e8ca3f2f862ba5d6d8dc5a2a7d5d799 2 -2 4 0
6447 715c8ccc22149ef585499a97f6a12024b443b3c7 3 -1 3 2
6471 2f6a90e515ea9adc17ac13e41d31dbe08d1a0d9f 1 -1 0 0
6695 56a05b0f22a680170c982b06c405871b0c0ab6a1 1 -1 0 0
6866 18baddbdafddae8628091f797c774692dda19b40 1 -3 3 -2
6886 2134e488e0e6eb8c2e2a5c96eecd48bbf7d355f6 1 -1 0 0
7780 4ca2c61add79db15610d72ccbbe2a762a84bf0de 1 -3 3 -2
7810 bfedfe1d0047601cfed6983c3ec93036601ba71f 1 -1 0 0
8146 43fb63c78fa59ce14e67b39e6749addf9474b4c5 1 -1 0 0
8294 5e30aad8181dfcbd3f0a9267911114a36a21a614 2 -1 2 1

  MEAN POSITIVE   2.17
   mean negative  2.29 
 mean commulative  1.53
 mean commulative  subtract-0.11