607 26154bd9a2d2437ca3625be18d0938743b011460 1 -1 0 0
619 1e65a75c8205b8d2eabe36c9f9159cee92f2f216 1 -1 0 0
1190 4ab2d80a4c1ec52243c508e9dee91bc5482a5a92 1 -1 0 0
3616 a2c7ba2ceadcd245f15377741a1f4aa9aabbe3ef 2 -1 2 1
4227 af493fc23d0fcf75928f439f3eaed00f85c7b50a 1 -1 0 0
4259 ae828e88cd589bb5ac1eb092f0d77da4332a9d28 1 -1 0 0
4272 283dfe5bf5143eac263531e89b95fe3f41bf18aa 1 -1 0 0
4299 1476e2f50cce0372214ce077f89053dc20416c60 1 -1 0 0
4367 88f4b10357b2cc4a8f919820cdae506552498d70 1 -1 0 0
4493 1e84f4a0a27453f5974747e19d0b5b72db4b9236 1 -1 0 0
4559 ae2fd774026068e6c9d3bfdbd315378bfc3493df 1 -1 0 0
5062 4dd3cfefeaf2db871b715a87952cff420baf237d 1 -1 0 0
5557 709db472d1052324c6b0e2cd0819d753c92710af 1 -1 0 0
5570 f22ddafadba3cd5032ce5c36e31212dafbe21e31 1 -1 0 0
5685 1a0bd6c0b6dd944527be31b8d63d4a83557ff03d 1 -1 0 0
5769 e6766ab331584471f6271cecc1beb7d55ae5c8f4 1 -1 0 0
5781 b3172a411462e54f3ced0bd3fae61e597c579efa 1 -1 0 0
7191 87449135a6bf995222e702ea95b77fd241e445fa 1 -1 0 0
8177 37fb351fcfd1f19bd669908c4415291031bc000d 1 -1 0 0
8230 a95a76edd986c88dde8c0a62a1d7f5c652684031 1 -1 0 0
8319 2b974a5ecc01d02d0775a5f928eef555060d3cb6 1 -1 0 0
8326 bfb447468d112caaf71fe1a2d356864112e62fb4 1 -1 0 0
8467 53c3274dffc768610508c3d92882804f2deceb02 1 -2 2 -1
9366 088db6e73e09a8ea598d69f01e2fd7b5c7e4942e 1 -1 0 0
9386 8f6b50219c6fc72182c20a45a20f1ad386d68488 1 -1 0 0
9387 e3e333b72af3f87989a9fe56bb3a505f690b83b5 1 -1 0 0
9485 b000d1e50fbe9bf9561dd71db944948465cdd523 1 -1 0 0
9496 8cec901e4f3480295f01e8682dd3f0bd441b7e65 1 -1 0 0
9526 f52e3e6424e05015b43f87a992635dac6fc5d7b6 1 -1 0 0
9557 507a27b12ec66eeff57f2d5aedca7ea6b492e51c 1 -1 0 0
9570 d4979fa9d03410b2b1078b05dcbe90165eb4b5ca 3 -1 3 2
9652 8f0f97a5d1054a4c354d2ff674969bb28bcbcad5 1 -1 0 0

  MEAN POSITIVE   2.5
   mean negative  2 
 mean commulative  0.22
 mean commulative  subtract0.06