585 bd524bf21c8c14ab66255bd28e53df2734584d73 1 -1 0 0
1078 791f7f210b93f89f41ef51dd0d515a2c3e499134 1 -1 0 0
1173 cc7b321cec6db76076ead17cdbe84e4c9c8c934b 1 -1 0 0
1184 0e81cd7dd0879a086eb98188b1903f8efef08d27 1 -1 0 0
1374 120e61db00b61124b0b9f377535b9804cb7031d3 1 -2 2 -1
2162 850f3c47cbac4f0bf5a554f14de022db0efae43e 1 -1 0 0
3199 4f7c2b93f704a9c0d1c9b021fdbd7167b1d2f56a 1 -1 0 0
3521 8ed075e8b455adfed289c664138f844496e6a339 1 -1 0 0
3575 73108d48da30c48550c15b58e1cc82f4dfb04a0e 1 -1 0 0
4215 00aa83a54a0f5cc13717235b0411bb0ae99e426a 1 -1 0 0
4299 1476e2f50cce0372214ce077f89053dc20416c60 1 -1 0 0
4388 913c7e35fb630b50f30fd993eac0ffacbc6838d2 1 -1 0 0
4493 1e84f4a0a27453f5974747e19d0b5b72db4b9236 1 -1 0 0
4575 e92bf72ffc00a6f66bccd4ccb1a7c0dde379c75b 2 -1 2 1
4728 e22275ef56a3d52f71006e222e8f2b064f4a8cc0 2 -1 2 1
5434 65239c533e07488d8adf753409398e88ef3b5a7a 1 -1 0 0
5452 c5354e8e280ea629147799e3313e428c3169a096 1 -1 0 0
5454 bb6047d15bf2a7469301ef9081c332a12a3a21ba 2 -1 2 1
5728 646d56c41cc9f73ce4a3b04951d15817f007d2da 1 -1 0 0
5750 93688dd7f90a587f14f9b05601e1ca1e26e0c9d9 1 -1 0 0
5769 e6766ab331584471f6271cecc1beb7d55ae5c8f4 1 -1 0 0
6212 8b49b2ab267dda971bfff0012fbd75d1f0a26a10 1 -1 0 0
6214 310d8681692b67219559f4df033f6137456a7757 1 -1 0 0
6282 a663cab142448cc3407bd3378209dd1758887b8b 1 -1 0 0
6771 6960952f8fb12b36c651a18058ec6fdded927b06 1 -1 0 0
7191 87449135a6bf995222e702ea95b77fd241e445fa 1 -1 0 0
7207 da6eb1ce3d7dc9646276edeeb1c7b6674f054662 1 -1 0 0
7215 30e42da1e6b6f872ed5dadc51fec043f5e6041b6 1 -1 0 0
8921 882a8060b2fec61ca4fa0c5e9391f9e3eab7b5b0 1 -1 0 0
9081 c164a180f79244acdb04435dedc52c9e09572d3f 1 -1 0 0
9150 1d3e20e50cc91637f2ff56846987bdaf97129a80 1 -1 0 0
9320 cf85a6f60082742383b3a22335a1ab618bdc32cf 1 -1 0 0
9366 088db6e73e09a8ea598d69f01e2fd7b5c7e4942e 1 -1 0 0
9386 8f6b50219c6fc72182c20a45a20f1ad386d68488 1 -1 0 0
9387 e3e333b72af3f87989a9fe56bb3a505f690b83b5 1 -1 0 0
9454 9bc0f84236ff823bc5f257f6c7dd289127f19195 1 -1 0 0
9485 b000d1e50fbe9bf9561dd71db944948465cdd523 1 -1 0 0
9509 af74f3e57f56e3566bdd3509d22c0904d0f42544 1 -1 0 0
9528 0d9386db1804753a1c067105f4e5dfc41d9a0b68 1 -1 0 0
9552 eb0aec1d306cbdc12615fb5cfe2e39b21d81b2c6 1 -1 0 0
9734 8cbf1d920f70695c0fdf323e5283fb50cafdeda2 1 -1 0 0

  MEAN POSITIVE   2
   mean negative  2 
 mean commulative  0.2
 mean commulative  subtract0.05