203 cfd48449695c531fe9fea131d4b4756ab319fe46 1 -1 0 0
214 ffd45868e0b73042c31678c147f8215c31ea7c81 1 -1 0 0
216 c191e02e5aa374ce2ebab45270ecca8c77e21ae3 1 -1 0 0
353 53a38484244681604c0962d8c26005b3791530fe 1 -1 0 0
374 095b5ec68688f62df11d3f8a32f77b848b11f887 1 -1 0 0
382 b6986bdae75da7ad673adeefe54cdb7dcbbc4699 1 -1 0 0
531 d72109b9681e7b3e2b741d9b5cbe13e198dbb26e 1 -1 0 0
1073 f7a743acd4d437a168b4282b94737e94c8807f6c 1 -1 0 0
1311 d77dd0ba1d6fc23c06224716e0c511eeb0a5272f 1 -1 0 0
1425 e755cee32dab87a22278447e5fb306c4495599fa 1 -1 0 0
1445 033deef884947574681e7f3cf05863a0e85b3242 1 -1 0 0
2165 cfb749830aed969b1214e2aa131edd7c60678cbb 1 -1 0 0
2567 0078494b10367e6a6184a56aee343ea223c8bb3d 1 -1 0 0
2872 7fa72627ad62a67e07515f44d29b66a26e97cd75 1 -1 0 0
3150 1c4ae40167688c7b4d8b6dde247e9d0d7df58e50 1 -2 2 -1
3199 4f7c2b93f704a9c0d1c9b021fdbd7167b1d2f56a 1 -1 0 0
3491 2a05515d1c47237cf3c715eba111b0edfa24e15c 1 -1 0 0
3521 8ed075e8b455adfed289c664138f844496e6a339 1 -1 0 0
3560 9a69555f01af3cce3cc9b9863315618dc94eb1c2 1 -1 0 0
3575 73108d48da30c48550c15b58e1cc82f4dfb04a0e 1 -1 0 0
3882 72b521826fd8e18e3e34fde86f263108ffc2f707 1 -1 0 0
3883 0dc181b6d68b06addf247d6c21e084f992aba921 1 -1 0 0
3987 4eee2be37379481e76dbd6a4020e7773aed57312 2 -1 2 1
4108 6eac0b09608992588b2fc0368febcba64a1a6836 1 -1 0 0
4189 c86165f4a0375cfad9506d9e5eff07b5446f93b6 1 -1 0 0
4214 8c00cac975ce3b5091dc1d09e0086708a611e4c7 1 -1 0 0
4249 3b87b80a7fe9b633978151dd089d9f85248078b0 1 -1 0 0
4519 aaeba5829fc81923047b02039f3b82d837392362 1 -1 0 0
4520 d27c4960edd8528e3e496c8c44ceae29730f99c0 1 -1 0 0
4557 44fa55f8058295d214700fc895cb95a4968c65d1 1 -1 0 0
4562 1634728cca2ce396928dbae2545ed4a8a6a510ec 1 -1 0 0
4728 e22275ef56a3d52f71006e222e8f2b064f4a8cc0 2 -1 2 1
4768 265fcc7efdbddafcaceba015feb931575c7e8d59 1 -1 0 0
4815 7ea619cab74e3eb45c4b1a63ac06ea8de4b2bd02 1 -1 0 0
5238 af715ba1261fc07131bb4b3919cda726a99d0926 2 -1 2 1
5538 83cd49778468b30403991da2c0105e0198ab1a94 1 -1 0 0
5600 db26e1bcb5789adf9f1d3dc86c786611ec96843c 1 -1 0 0
5625 9825173ade7fc4eed499d0f6d7dc6c7883deadbd 1 -1 0 0
5628 551e4ca18205d1d9caf2c6baad46a79365341440 1 -1 0 0
5664 847256f4f327de210f6d9e7ecc6c34a7a58827af 1 -1 0 0
5923 e981e58d1a0b4041a542c46b2cba6822bdcb9d30 1 -1 0 0
6212 8b49b2ab267dda971bfff0012fbd75d1f0a26a10 1 -1 0 0
6253 0540033a20865b9ff608b756861bb72dbd000674 1 -1 0 0
6279 cca73de0eab616488a4b83a7c0cca82a77f173e2 1 -1 0 0
6282 a663cab142448cc3407bd3378209dd1758887b8b 1 -1 0 0
6384 ecb9a2c5167a6a9c4476eb18315671a85946d9b9 1 -1 0 0
8255 2beaf0f29a086c9761f9be0ea37607eb15167189 1 -1 0 0
8334 35e736c1b98cf87a57e7c4fc81a3587b5ee92640 1 -1 0 0
9320 cf85a6f60082742383b3a22335a1ab618bdc32cf 1 -1 0 0
9436 bfc4647483b5f0171b775944fcbe793b88d7fd68 1 -1 0 0
9454 9bc0f84236ff823bc5f257f6c7dd289127f19195 1 -1 0 0
9500 851d55aac62e1cafe729d0fa58c463269b4c0873 1 -2 2 -1
9518 261d79162cd22462f59af47e208ce79064fe9860 1 -1 0 0
9555 0dbc6647dcaa7a571975e1a2516839d15596cec7 1 -1 0 0

  MEAN POSITIVE   2
   mean negative  2 
 mean commulative  0.19
 mean commulative  subtract0.02