199 bbd69c534b176f3e3ff58f2d73ea721ad5f2d477 1 -1 0 0
783 dd565d7bba49fa690e20589f17484c7559c36888 1 -1 0 0
982 82c48ee22d1feb0be0144ae5508b138809c19d5b 1 -2 2 -1
1022 8595550203f11172113f288ccffb980e17339fc0 2 -1 2 1
1369 96a353264e3d12fdd0c3d8cdfbe8f20d54477c66 1 -1 0 0
1381 5685b899aa60925356afb6679500275809678037 1 -1 0 0
1400 b6c6c6aff2fd7b723b474e9fedce4e9a9137a4e6 1 -1 0 0
1407 82437a47212487048070744a535fb7a4b012f389 1 -1 0 0
1421 b543ebb6021da227a54d64d99ed2c6353e6d1902 1 -1 0 0
1471 ecc6ed41f1dd787a6d7362630485ca5ebf3706e8 1 -1 0 0
1848 4d50c269d2da8bf0882b88811af97b9be17f4a76 1 -1 0 0
1877 5b4295207e2ebb3c9e1267d5bd748d7d7d42c762 1 -1 0 0
1937 c00aaac19c0b9172b71589b4cafecf4109bfa91f 2 -1 2 1
2363 138400594f45f4fbc445d065ce5f0ee738af04a2 1 -1 0 0
2471 304d10ff7996917d005c3be34d4ab8d11d67fae1 1 -1 0 0
2899 695f36a7fc9a958e2263331ba795f37da68a5787 1 -1 0 0
3365 3799c895f777c3a4ae8efb25a6d348e6b6681cb8 1 -1 0 0
3370 5ef125c2002df3a394877a06c0ef13d6689e19ad 1 -1 0 0
3494 2d85e9e5ee7e40b0118d35ba5e1a82ea6aa4cd26 2 -2 4 0
3573 79ba42e83d8ace409533a8c11e1a72bc49f9188e 1 -1 0 0
3577 25b1b456defceb6b5d289ee9c180ddbeb947b1b8 2 -3 5 -1
3618 564dd2bf1cdf5e17bf5078f279880b4ba14988d1 1 -1 0 0
3619 ade2d36dbf3c979ecc9913d27379f043d742b585 3 -1 3 2
3708 b34754e082866f917a47bd628433acaa442b97cb 1 -1 0 0
3710 76001b43182f69f1b2f683c29cb3c5d931adfd4a 1 -1 0 0
4211 c42a79e41d589cfc2853dbbb7d20ffec24634550 2 -1 2 1
4335 da2c449accd64eedb566d41cd9d4a8f954acca69 1 -1 0 0
4689 c3d41167dbc2a352cb70ffd9833fac6b862846bc 1 -1 0 0
4769 82c13c02867629229db92ae758b76bed82f496a3 1 -1 0 0
4843 29498134f862f9a67c0b4508c26637ca6023268b 1 -1 0 0
5191 35a9ad9fb4dcfa6fadc4d320b4c0b4c7ee51ae88 1 -1 0 0
5256 90dc095799c965b00b26cee4802f626432fdc0e8 1 -2 2 -1
6583 4ba516032c8efbd3ad433a5d814a9871efb94d07 1 -1 0 0
6672 02d2bf25c346dd10741d4cf828819015557c270c 1 -1 0 0
6673 61ac2d815f531e34b2553adc01c40a4539e13fdf 1 -1 0 0
6822 e961e05b9b5242756006a823b0a92de5c1499b3c 1 -1 0 0
7722 b02b6063a2b201a545d3f3106b6a136b0f57a159 2 -1 2 1
8005 c2ddeb4be95e28fde1b68010b6edd2bf6d22c7d1 1 -1 0 0
8423 83bbbd086a1f937c0ec85ac25b12263d945e45da 1 -1 0 0
8543 b8b11f34e9b33055b2c81be5461359477b13b23a 1 -1 0 0
8871 decbe9031e35ac057c082e5f77cce486b6defcbc 1 -1 0 0
8873 b61b0508a15fc01a1f8867ce7754a6b0b2d9ca79 1 -1 0 0
9131 f0ac9d785f132f0bb83c7c5ddc32edfeb4ec8977 1 -1 0 0
9156 fa222e9bb2a56720fa8ce62ae0a6e8f3362c7465 1 -1 0 0

  MEAN POSITIVE   2.14
   mean negative  2.25 
 mean commulative  0.55
 mean commulative  subtract0.07