426 b4ad6970567a54f02e3e5ccabb47a5aa5a3eba0a 2 -1 2 1
511 013dd82e5cd55124827472c07ecfa4b35f44dc2c 1 -1 0 0
614 5c84903457c16d8ce2d7bae3c49ff0ce3d2d85eb 1 -1 0 0
663 8a85a9789e708aaf49dd2cbac3b50a7b8b2bb8c1 1 -1 0 0
1847 e540d805b8bc00c30525cd11532436a687c90c61 1 -1 0 0
3127 cc0d6b1afc38dd23fcdf6b2b25ea0e14a95cc78c 1 -2 2 -1
4091 2d4724bfb14ffe0200797ba260a1106dd4ebb9ae 1 -2 2 -1
5064 a0f786b0d1385e2ebea4cbae21684e0b0c97b72b 1 -1 0 0
7377 7e6b9d5da14bb944a23da299215187119db1b466 1 -1 0 0
7419 5ae642757ed48c1f32235b39ea6cf98ddc6aa577 1 -2 2 -1
7497 eabbfb47c76a840fc7c040dec506636799aa4c98 1 -1 0 0
7622 5135f125578245bdb7cebb2bb17c8db2e380734a 1 -1 0 0
7674 c560166471ece2e1489f294f90238200c011b791 1 -2 2 -1
7679 7dc397a2e9c13ce0da2a82d0295d00cc36ae695c 1 -2 2 -1
7893 69693577f02b27dd576d53d5d763e507dd90a50c 1 -1 0 0
8575 882fe33053a2a96f4489e8cafc4c06b4eb4c7647 1 -1 0 0
8576 2458579eff16a4398523d18125690d3dd7eb1830 1 -1 0 0
9343 61caf44ab72d430f213fdb63468d83f0d941cf8b 1 -1 0 0
9492 15fbaac52bcee6ea50a6b0c746042197e103d73a 1 -1 0 0
9928 29a0f8d995ca8d68f6198218a6dabcb1a5f585a4 1 -1 0 0
10172 4fc66a5e3862839efd0d814be1abf6052e72600a 1 -1 0 0
11250 5e56208cd1c4a5fbba621e22056b444ef0e74521 1 -1 0 0
12097 971a6d48b7411f2f460c108066e535c02c7084ea 1 -2 2 -1
12098 af787f55c2f09dc2ce643e10cb44018e300540d9 1 -2 2 -1
13680 44b26ad1a9c0e95241e81fd6ec6f81eb87af2ad0 1 -1 0 0
13856 4c5dcc94be9465db4792ba26d0ba3fbe1ebdc9b5 1 -1 0 0
14710 aee75573e01538a515e3471e2859c3ebabea5d0f 1 -2 2 -1
14808 0c36349b01a788db166f4d995c5cf2cc5e752408 1 -1 0 0
14996 9d7c0f50fdc0ffe99f45f855bda7ab2ed0ed4181 1 -1 0 0
15442 ccb7091ed95060dc2cad9659e665d2367e24ef7c 1 -1 0 0
16565 1c17388da35cb47bbc8602c4f597bd812179aaed 1 -1 0 0
17315 f23606c890a61f3ac899b03b6d4b2f47b1345a7c 1 -1 0 0
17668 dc2fdb4d807312acede277a6e01cfc8930e09333 1 -2 2 -1
17895 023688d4335d166f9e7c8b958d6a2b3b470614c5 1 -1 0 0

  MEAN POSITIVE   2
   mean negative  2 
 mean commulative  0.59
 mean commulative  subtract-0.24