2036 95dccd931029b905116d16d57676d52c63aca73c 2 -2 4 0
3649 aabfd51a14a26c8028d71bde855e3a5daee2f854 1 -1 0 0
4798 c7a489da6fd8d18dca552299667e39fb731910ce 2 -1 2 1
11765 2bee7141973a6f8f1b71293d70817a95f468787e 1 -1 0 0
13856 4c5dcc94be9465db4792ba26d0ba3fbe1ebdc9b5 1 -1 0 0
14809 cfe9fd05d9b1de9026a9be1d0dafce6743221ca1 1 -1 0 0
15357 f2655baffb7ecd18b858bc8d18c1b7a5f984183c 1 -1 0 0
17832 6e37135006911ec368ac84453a3204e3d4f132ac 1 -1 0 0

  MEAN POSITIVE   2
   mean negative  2 
 mean commulative  0.75
 mean commulative  subtract0.12