2892 965115076cd81580cb34039fd40bfd14f71ccf2a 1 -1 0 0
3559 f20f2bad8805f4df9650865794980cb55b8b469e 1 -1 0 0
4510 a1a34b8332fe5be743f9155e1d53588680e7f6f8 1 -1 0 0
6389 b1f9567ce2c2bb477e45e102475ce564fcb46800 1 -1 0 0
6636 032751d30483101157a36d0b449e7a38df071cf7 1 -1 0 0
7675 30863cc53cb2e1b36e86ffff8381f03f455414b7 2 -2 4 0
7747 746c019c92dd9c1cf71c8a1da76b140ac81cec30 2 -2 4 0
10594 2d70fd60e47f9e9aeb744e00b93fd22a8ab5df23 1 -1 0 0
13856 4c5dcc94be9465db4792ba26d0ba3fbe1ebdc9b5 1 -1 0 0
14083 96ef718a6b6bc8624945d47f6fedf17add4580d1 1 -1 0 0
16827 881c4f885a92adb1f97f0cbe9df5bfecbe7880ed 1 -1 0 0

  MEAN POSITIVE   2
   mean negative  2 
 mean commulative  0.73
 mean commulative  subtract0