663 8a85a9789e708aaf49dd2cbac3b50a7b8b2bb8c1 1 -1 0 0
683 6803d946b35a7b465f1d7ad4ccf90d710b64f417 2 -2 4 0
2164 5a6e1454ab8be25da5ce0f9221976dfe1f4720ba 1 -1 0 0
3565 65097012ec66e691ef23d22698e0d312b754107c 2 -1 2 1
3873 4d79ef552321e3af09dd7bcd5052ab5b3e8e745c 1 -1 0 0
3906 fb33c91a0ed4b43f4d9a1e0b8ed80ab19d028cfd 1 -1 0 0
4455 adf573ccae421b768ac6d481ad1c7a1ee550a007 1 -1 0 0
4510 a1a34b8332fe5be743f9155e1d53588680e7f6f8 1 -1 0 0
5985 274f8deceeaab2903f22796609ace3a0ba5ff76c 1 -1 0 0
7373 8715e3df82e988c65164b6aaf83f4faddfe50813 2 -1 2 1
7677 71ad9451bb38bfa7afcf895d5770f85835ae8872 1 -2 2 -1
7679 7dc397a2e9c13ce0da2a82d0295d00cc36ae695c 1 -2 2 -1
8127 151439ece7c48bb1fbd874c3fec2a7aedf8fb1ef 1 -1 0 0
8407 9c154b5be0f085da6daa90b4fc412ec596b508a6 1 -1 0 0
10138 7da55287d5d3d8fe3a714db784a960ac5344434f 1 -1 0 0
10534 127cdb7394b61cacc23ac806db5fe10c3113e05b 2 -1 2 1
14102 be0a937d667f775394467b1a6d7eee23582bf206 1 -1 0 0
15357 f2655baffb7ecd18b858bc8d18c1b7a5f984183c 1 -1 0 0
15572 7d597716b3cb4f91c5b91fd3fba8af562eabb43b 1 -1 0 0
15798 5b8f406b5c247ae047cd90187fc17bbeef8749e0 1 -1 0 0
16300 3561ff4fd29a219f00b13309953ab8441a3254b8 1 -2 2 -1
16417 92c852970734da5c138090496b65a9dfe20922c3 1 -1 0 0
17269 8e75dcab5dccf4ae10e0f743d56e63055f877e3c 2 -1 2 1
17271 ac2555b2dde9b7c8cc81f6d28ad922057e6816dd 2 -1 2 1
17272 045dfe0695835182990137aa94aa43f41ca1732a 2 -1 2 1
17280 f35cb371cde002d83b59d748be3c5d42d21e846d 1 -1 0 0
17281 8789b9a06be3545c3612f9d51082e8fd03a67a37 1 -1 0 0
17285 15c6767b716809400ef9e923b9b9c2141d4bbb7d 1 -1 0 0
17365 d1f2535edd412bc25eac69cf0f17883f0238e624 1 -1 0 0
18535 5d8e362d35be433d49c11bfdf9303c07ba761862 1 -1 0 0
18781 dc290c2cbb1929ac248d5d80a4e5dbbfe7b21b5d 1 -1 0 0
18784 2cdaa49ccf7efe72f030fe42e0877b4ee7731e3d 1 -1 0 0
18785 4960fa54c847ab507433fad484d31f3681a8967a 1 -1 0 0
18786 d80366145da2ee7084fafee5fb0bd3c520625b6f 1 -1 0 0
18787 94d12362c41b70d0068e16dc12d0a2a609e7d9e1 1 -1 0 0
18788 b5ef066830f890019d740fbf120f89c6a5643035 1 -1 0 0
18789 7e17d6b6dcfc3bcd2e83abd09b9dc1aa21dfd4a6 1 -1 0 0

  MEAN POSITIVE   2
   mean negative  2 
 mean commulative  0.59
 mean commulative  subtract0.08