2894 ddf9fda1cc3f621d2078b619311b42e620bc3284 1 -1 0 0
3378 94f345ba17c2e45629bfae9f773fbb8a55f5d8c4 1 -1 0 0
3565 65097012ec66e691ef23d22698e0d312b754107c 2 -1 2 1
4797 c24d3495f8922deffb99cbfc1271d0ac62c5fb1b 2 -1 2 1
4852 eb3fc00c09b17001d68c8bd828dd9be1cafe9776 1 -1 0 0
6684 527bb270f23069e94740c9bfd71b1323ba9f2e00 1 -1 0 0
6784 6014f632df2526a55eeb0dc1cc40b8c9a7c3b5ec 1 -3 3 -2
7373 8715e3df82e988c65164b6aaf83f4faddfe50813 2 -1 2 1
7677 71ad9451bb38bfa7afcf895d5770f85835ae8872 1 -2 2 -1
7732 cfe093f0d31402f851463b022309c0fe0e695aef 1 -2 2 -1
8127 151439ece7c48bb1fbd874c3fec2a7aedf8fb1ef 1 -1 0 0
8998 a2e339499d6292d24e7690be18c22ea43f9ff6d8 1 -1 0 0
9928 29a0f8d995ca8d68f6198218a6dabcb1a5f585a4 1 -1 0 0
13102 dae2c8ca1fed8d016dd915c824a6982dd7b76534 1 -1 0 0
16037 f708c5271cea988b9ef4b4da347a223e81f146ff 1 -1 0 0
16300 3561ff4fd29a219f00b13309953ab8441a3254b8 1 -2 2 -1
16417 92c852970734da5c138090496b65a9dfe20922c3 1 -1 0 0
17278 b6c2ca068f1f414b1d4c740ee8150b0eed73201d 1 -1 0 0
17315 f23606c890a61f3ac899b03b6d4b2f47b1345a7c 1 -1 0 0
17832 6e37135006911ec368ac84453a3204e3d4f132ac 1 -1 0 0
18487 415cce331942ce714b481d11b6cae89e1fcd4e00 1 -1 0 0
18666 4b2e3f2504886f5694b1b43e6dac0992a01b3d44 1 -1 0 0

  MEAN POSITIVE   2
   mean negative  2.25 
 mean commulative  0.68
 mean commulative  subtract-0.09