81 f3bf52148d6dcc5acf70b6c2e16605e7d4e365bd 1 -1 0 0
87 f107e191a5cbe83dccc25172d74676b325bfbcc7 1 -1 0 0
117 e4b973120d7b935bf3a579119a1047c0f7fca0ed 2 -1 2 1
193 104b675c0c2c377686382214bc6b21066c500e55 1 -1 0 0
348 2bf4b9ee0f15c8b95aa2635c0b7f83baee1fc457 1 -2 2 -1
415 6c859255f4bca47dfc8ace839ba28d07a9a2cc37 1 -1 0 0
417 973a63e7cf4f298667cb06c5aa76982bf27a71bc 1 -1 0 0
442 2805b01eb025e8af85ebeb7b30e87591c71e63ea 1 -2 2 -1
620 7ed517266b9db13e2ccd5f1c62eb7a367dcdaec9 1 -1 0 0
1346 db5e7a592d4914b463050ed9da4b3900a97998ac 1 -1 0 0
2549 7a6f715f4a2730a82c6eb404788721525a1a1b64 2 -1 2 1
2607 cdb18425ed27d47484727ea4d27a9853806a5d46 1 -2 2 -1
2937 ceb8a7d83741118d42363a7747c1666d3b996523 2 -2 4 0
3436 f2ef3bddf6e71e5681177de8b07fd052b91d6ed1 1 -2 2 -1
3967 d871a1ec508061697044f254182981a27e1ac388 1 -2 2 -1
4634 6f78d5ee92bc3f93f44f26caea499ac0d8d8e36b 1 -1 0 0
4645 f6de7355226acbadca75758ea427e3848278090e 1 -1 0 0
4939 5eeb64cfe05214997f28bd90a075503a2f1270d4 1 -1 0 0
7837 567ebd4180e38e439f91faf62adf23769dd74254 1 -1 0 0

  MEAN POSITIVE   2
   mean negative  2 
 mean commulative  0.95
 mean commulative  subtract-0.16