108 c0c70d37c102e8f4a74629c801d108f75c7b574b 1 -2 2 -1
267 7de3dd3c1b0181fb437f73e3add3b8feddbf9fbe 1 -1 0 0
415 6c859255f4bca47dfc8ace839ba28d07a9a2cc37 1 -1 0 0
1506 4aaeb4d22687ac593b8131c8efde1ad01c839113 1 -1 0 0
3554 e112cbd0b5c65693969a62a2ab911665503152c5 3 -2 5 1
4303 9454fcfb6577d3ba9b946438b8d7d058ba1d9aa1 1 -2 2 -1
4624 66e5d8c0aac2cda10de88a35bacdaf3191127ee7 1 -1 0 0
5025 8c931db5607b7a3f0d9ac388073f1d80fe7df325 1 -1 0 0
5519 5437fc29b229d08a50b719c7ba5ed72e3e91f001 1 -1 0 0
6012 937ee3a53a8f11710f4cce0408952e10e4e39325 1 -1 0 0
6116 4d2ab4b110b483b15d950b897f05b89ee0ee8a45 1 -1 0 0
6118 49689969a73c2b886fa5992f759928d7b8e294d9 1 -1 0 0
7082 a9b2910f312b1ed283db3c17948098a771e556a4 1 -1 0 0
7950 b4b3ae28b604be6bd70f04a09a31fd964fd5cdf3 1 -1 0 0
9321 0574d7061532c07aacf974a01c54e32dfdb12120 1 -1 0 0
9323 f056ddb90a8b763cd79395200f3d3a2ae186ff27 1 -1 0 0
10040 6f76f5a8ff03c96800f5ef47ae1103de2e24261c 1 -1 0 0

  MEAN POSITIVE   3
   mean negative  2 
 mean commulative  0.53
 mean commulative  subtract-0.06