108 c0c70d37c102e8f4a74629c801d108f75c7b574b 1 -2 2 -1
117 e4b973120d7b935bf3a579119a1047c0f7fca0ed 2 -1 2 1
193 104b675c0c2c377686382214bc6b21066c500e55 1 -1 0 0
415 6c859255f4bca47dfc8ace839ba28d07a9a2cc37 1 -1 0 0
442 2805b01eb025e8af85ebeb7b30e87591c71e63ea 1 -2 2 -1
519 05adcd885f2a59d20ed5b5f0175c5cf4c1fe1ad9 2 -1 2 1
530 c2a2ca8efb3c3fd1825f412e49810f2a84cc62f9 1 -2 2 -1
1346 db5e7a592d4914b463050ed9da4b3900a97998ac 1 -1 0 0
1479 5322c05afdcd23cb0516e4e6e6c8739ed4616612 1 -1 0 0
1506 4aaeb4d22687ac593b8131c8efde1ad01c839113 1 -1 0 0
2006 2852a521cc4f990738c89c003f48c06aff64108a 1 -2 2 -1
3385 88b2d8d9a2114b2580a1f62c51752754fad39cec 1 -1 0 0
3554 e112cbd0b5c65693969a62a2ab911665503152c5 3 -2 5 1
3967 d871a1ec508061697044f254182981a27e1ac388 1 -2 2 -1
4485 8e9f835a16c2b11637ad20102990c836fcd6dcca 1 -1 0 0
4620 03ba9e484302ab27fa7401d49fef36ea9531d369 1 -1 0 0
4624 66e5d8c0aac2cda10de88a35bacdaf3191127ee7 1 -1 0 0
4628 78c4d28d65f8e88228936625ef0a1646ab102d98 1 -1 0 0
4637 158958cd00ae29696057beb52cfe42b731f41ab5 1 -1 0 0
4650 6ff8b74974ce7a53ffbf32f5ae3977b60910dce6 1 -1 0 0
4708 e040e80c657abac48817839d11e4accc57734c7d 1 -1 0 0
4869 23dc8046b911cd034524c7e8d793c52a0373e538 1 -1 0 0
5128 a198279595b49f713064a783b8c7f344d9ec1a9b 1 -1 0 0
5129 50330569a678c0824fa30b06ea810f1624f5c1ed 1 -1 0 0
5134 399e5b92c579103627008ea18fb458e1fde69491 1 -1 0 0
6650 4c81a677b5a6b46d68e552148caee80828c621de 1 -1 0 0
7082 a9b2910f312b1ed283db3c17948098a771e556a4 1 -1 0 0
8067 f0a3a741799d6b24f5ae4acfd50c29d2995e6d92 1 -1 0 0
8068 1c7bce5626aa81c0a5cb43979396cffea4cf7c23 1 -1 0 0
8069 d7ed824a65441b9ff3fef85aebd43f652e610345 1 -1 0 0
8432 5a7fa3a33061e29bf18d45e97d49522bb1a32506 1 -1 0 0
8433 b57e157de3372a155cc227d5fb39990749f37fda 1 -1 0 0
8444 6739f0410733cfaa697b3411dcf60a3598014414 1 -2 2 -1
9843 667dc937e562738458d517d1bfc60815cdbd0e98 1 -2 2 -1

  MEAN POSITIVE   2.33
   mean negative  2 
 mean commulative  0.68
 mean commulative  subtract-0.12