81 f3bf52148d6dcc5acf70b6c2e16605e7d4e365bd 1 -1 0 0
108 c0c70d37c102e8f4a74629c801d108f75c7b574b 1 -2 2 -1
193 104b675c0c2c377686382214bc6b21066c500e55 1 -1 0 0
3650 a52d528b6f562505ba0ea10aafbbfe4a4154f739 2 -1 2 1
4624 66e5d8c0aac2cda10de88a35bacdaf3191127ee7 1 -1 0 0
5125 f7efeaa532b275ee39c3050d637ac2bb866b4cfc 1 -1 0 0
5538 cc41430ddc14815a02b6277f88cfc8bc392cbbda 2 -1 2 1
7082 a9b2910f312b1ed283db3c17948098a771e556a4 1 -1 0 0
10040 6f76f5a8ff03c96800f5ef47ae1103de2e24261c 1 -1 0 0

  MEAN POSITIVE   2
   mean negative  2 
 mean commulative  0.67
 mean commulative  subtract0.11