758 b8d48a82585829dc3ffbc55b64abbe2857a26bc6 1 -1 0 0
1143 8b1dc1991228aba26df20d1220dbced7be7181ab 1 -1 0 0
1689 0143dc5b0dc85dbaa1d3737fab77c0ab5e72606c 1 -1 0 0
3234 31089616e04a794edb194c21190dd1241c3fc294 1 -2 2 -1
5857 805cf426347a0813033a6b04776c6d1fdacbb4f3 1 -2 2 -1
6095 e531248ba093f485940b620eea1d0062d2bf09bd 1 -1 0 0
6138 30f6f235d7854e5e82f8abd2d644de4c9fecbaf4 1 -1 0 0
6214 05c660427200272fda36eb0b9ad2b4712da3082b 1 -1 0 0
7369 b99172530a58aaf873038a8b77aa00b984267a50 2 -1 2 1
7412 d4a73d033e6e184a9c0fd6f4d01a747f47834de9 1 -1 0 0
8825 59dd3962963826930fd08ff212e1e0a1241fea86 1 -1 0 0

  MEAN POSITIVE   2
   mean negative  2 
 mean commulative  0.55
 mean commulative  subtract-0.09