3274 ce1150d9897bd5baf66de4a8db132afce18be15a 1 -1 0 0
3275 953df613522e12a418cb7cb73248594d6c9f53d4 1 -3 3 -2
3382 64ce5d1c72204de8e58da45ddf1a57ba8b70cec6 1 -2 2 -1
3388 50ddd34d1e1228c37ac45b43934cc114376f3667 1 -2 2 -1
4338 d7fd1b88b89ca762afe5609d84a8eedfb611cbe1 1 -3 3 -2
4554 4ae3fd787741bfe1b808f447dcb0785250024119 2 -2 4 0
5803 059dbc04218144f985b20a228bbe98139d400d0c 2 -2 4 0
6073 0c131a2ca38465b7d1df4eaee63ac73ce4d5986d 3 -2 5 1
6131 204cab3c22b4d75c866c95e2d2eec42e14cbd924 2 -2 4 0
6215 bcfb325d5b1f9529b439cc0805a1c140521510f7 2 -2 4 0
7045 a1df197865bf7c86448ad5434ac56e6a9020e2d1 2 -2 4 0

  MEAN POSITIVE   2.17
   mean negative  2.2 
 mean commulative  3.18
 mean commulative  subtract-0.45