76 01c2784694b09234f3645fcf55da7998445d5b55 1 -1 0 0
178 c4f0aa520906008dfdecf7243b3941a7b2eeb572 1 -1 0 0
183 40b6533b01284a8960295b1c7294c3d536ad6d9d 1 -1 0 0
575 a123fce49521cf988d99a3450a9f0c549e0077f3 1 -1 0 0
1110 026328be0267ee72360a9d37faec367efd29eb8d 1 -1 0 0
1127 f4fa9e38385c4d7c2a531de2417939ecbc222d52 1 -2 2 -1
1176 6d2b09b14f96e3057a69fc2b210939dfdd175020 1 -1 0 0
1183 a48ae318c671c99048010183227d078d19dc972b 1 -1 0 0
1361 864ea152167c241e2cb0593713b341c4c8e5aa7e 1 -2 2 -1
2958 b4e41217c64bdd1339c0cdb6b674e748ae803e23 2 -2 4 0
3411 99ba1e7e8521944f285b3c859ba0086636330be5 2 -2 4 0
3558 34bf67ecf1f04bebd912978ff824668d06a6839e 1 -1 0 0
4883 b0b047eff958769964ed687117be52822381d553 2 -2 4 0
5593 616ab98fa4325827ac14ebf2dc83421cb1c9d23f 1 -1 0 0
6325 334b95285963b879ba58fe9078f21cb5a78e8cdc 2 -3 5 -1
6550 d6bd62e537c6d132d2f95707a388d4ca74de6779 1 -1 0 0
6665 9508fdde6566eae37007807c8d60b831ba63084f 2 -1 2 1
6853 5565016f24b50526a80b88bd968756453141a14b 1 -1 0 0
6910 810d4a3276877581779fa122b5df6ce4f0a5c0b1 1 -1 0 0

  MEAN POSITIVE   2
   mean negative  2.17 
 mean commulative  1.21
 mean commulative  subtract-0.11