612 c97d2aca67e41e94ab325a2dce2a78cac8cd8a46 1 -1 0 0
1687 b1ef4144854071aefcf138201632ce74e2a3e70e 1 -1 0 0
4362 4ad8ef9ff40f67d08292b450e054e48706148641 1 -1 0 0
5714 e02f6466572d7c6efbd624e3840cedf5394d5330 1 -1 0 0
6542 625a13b78f474baf36caa6da55718e0e6e00528f 1 -1 0 0
6874 84334f4ce186342282cb5820893a3b233ced9e92 1 -2 2 -1
7361 f7785d38dbd02b79548af6642d853a0a250b8603 1 -1 0 0
7699 5e0327abd4c5478eb9e877bf3f1fe7d8bfe39192 3 -1 3 2
7869 192b15753755a5c87fa73705ab2b4269aa77662d 1 -1 0 0
8031 473532e24eaa766cdd077301c51d9da5eb46f0fe 1 -1 0 0
8213 b34440e875d229b31660255c8344a08a329e7123 1 -1 0 0

  MEAN POSITIVE   3
   mean negative  2 
 mean commulative  0.45
 mean commulative  subtract0.09