1687 b1ef4144854071aefcf138201632ce74e2a3e70e 1 -1 0 0
1759 b64958cd5c9307a7163cd1df8949bac3e3209e51 1 -1 0 0
2223 8c2fcdc4ea48853fe428bd476f8cb6ab47ddbe33 1 -2 2 -1
3936 5ea91d4c95a0b09daa09a7e9edbfbccd52f0015d 1 -1 0 0
4927 2c388acd09548c949b288e2594b9cb36eeaff8db 1 -1 0 0
5856 02cef08c18e62e0b0f8ac7e42d2f57d9870a2139 1 -1 0 0
7295 8e63215de4fb878f86962f7a62b313cc11a54766 1 -1 0 0
7863 0d0c0b4846f3e783b11c5c9500dfac74101fc4da 1 -2 2 -1
8112 ee29f51ed574b0767f9cbee1490d001197b5bb13 2 -1 2 1
8209 2e03f77bcaaa51d6ae4e222bf83389a60b301f1a 2 -1 2 1
8213 b34440e875d229b31660255c8344a08a329e7123 1 -1 0 0
8524 8da5a896e8f66a778327e0cedf380020fd57df07 1 -1 0 0
8553 6ab2531854c53e98bf8a1290af49df72790929b4 1 -1 0 0

  MEAN POSITIVE   2
   mean negative  2 
 mean commulative  0.62
 mean commulative  subtract0