1189 4473be97b7c2fabf59319cf7d7eb3e2af03a2ca1 1 -1 0 0
1279 88dc6060998702bbeb782f45adab0de3d6a4c144 1 -1 0 0
1288 4e9cd026a947e9f77b8e07b7ab0f3dd3baa7d418 1 -1 0 0
2704 d7135c3f58daea759f8f2605e13eba56f89265e3 1 -1 0 0
2902 57ef6276b612f0f9446a9ed1a12b1db66948cc1e 1 -1 0 0
3090 a4b0e029f9eff08536a0eab92e376d2fb5ce7a40 1 -1 0 0
3121 438ca530719af9c7c1e783fcc649dc45d36afe88 1 -1 0 0
3139 75d08e75cc32a71f1412be971470042577577253 1 -3 3 -2
3525 0c1fe78f769fd18ecaff231665f1fb6e9ef6227f 1 -1 0 0
3739 64ba1b911ecfed47f2e92629b7ecfe6646544e54 1 -1 0 0
3772 d7f30b8fe30ff9ec59186549ec80b3ab0501bd5f 1 -1 0 0
4536 cfd8eb3a4cd4bb3cb4dde84c34250eebec60e800 1 -1 0 0
5184 50065aa7211a1f30e05e3b2fa523f74a2bbbfa79 2 -1 2 1
6105 5099043c047daaa2a6187cd2014330d24fbc8b90 2 -1 2 1
6638 9816cc14d2e4b6680dcdc0975d135cb41b1dbc92 1 -1 0 0
6778 2083f45c8dce472de6475a2651fa2f09725787f7 1 -1 0 0
8927 70fd9188f714029cd790e103c8dd84023a486e89 1 -1 0 0
9135 f3427804a2f7ec98ce87b9e971abaa196761c017 1 -1 0 0

  MEAN POSITIVE   2
   mean negative  3 
 mean commulative  0.39
 mean commulative  subtract0