220 964d684c724f6561bf52fe71f036886693a2b733 1 -1 0 0
1172 20c4999ef6cdc4aafb199e4b0aba88aada68fed5 2 -1 2 1
1189 4473be97b7c2fabf59319cf7d7eb3e2af03a2ca1 1 -1 0 0
1220 7f097f291d0274d28db1ccc11f3a4306973983cb 1 -1 0 0
1259 455d013e0396f02ed5483311b8f7e1a6b011c37d 1 -1 0 0
1699 0b4088ef8cc09b2d642d1eb6819a6db716420575 1 -1 0 0
1843 3c826dc465331a2bd6e005a3a3ef2b0d866bfcb4 1 -1 0 0
1885 5ddb0c1ea9bf2267c8fb6b5a1813c0ac501b066b 1 -1 0 0
2542 7b82257939260f470b0e10dded0d564731a889e2 1 -1 0 0
2638 1aa455abc938d88ea8ba70842cc4e8c6baa21b04 2 -1 2 1
2704 d7135c3f58daea759f8f2605e13eba56f89265e3 1 -1 0 0
2900 570aae19f4a103a3ff8ecac96622323884367b1a 1 -1 0 0
2914 fb502e0dfdda6260ff370ac25b296c59b1de0e6c 1 -2 2 -1
3090 a4b0e029f9eff08536a0eab92e376d2fb5ce7a40 1 -1 0 0
3178 dacb6fb872c32446c5341be806dede2353a11e5d 1 -1 0 0
3525 0c1fe78f769fd18ecaff231665f1fb6e9ef6227f 1 -1 0 0
3546 3f31b23272f601d8761924dad1dc82c6c2881ae6 1 -1 0 0
3663 5f615beea7e90a538a9f4f477e8e5403c3ac49bf 1 -1 0 0
3953 c44e49ed196912ef3f75ef118b9c767d3081e375 1 -1 0 0
4114 8ed66e5cc240675dfe5f09827a18da0756398840 1 -1 0 0
4121 9db6cd1be7b901f78f30445bed2719fe753b75c1 1 -1 0 0
4232 659e148c5ea27467a75ccc66bccb17abe9a231e4 1 -1 0 0
4234 cddcd95d1da4e47b0727451036a5b2e1d69fca80 1 -1 0 0
4243 441b1835957840a73ac27310190aa5b9b067b029 1 -1 0 0
4263 6365caa76696cf39e80279d1264c682e8328434c 1 -1 0 0
4521 7e0a694d78bdc19688b41da20418f6a28c748f40 1 -1 0 0
4536 cfd8eb3a4cd4bb3cb4dde84c34250eebec60e800 1 -1 0 0
4943 70d4d917e286e269979edc1ea0266a12cd423e16 1 -2 2 -1
5064 837e36d67c856dc8b23bb6e68b9de98f858466e3 1 -1 0 0
5107 63099edbf3328aac202ef5cc3539f61d360fc312 1 -1 0 0
5146 f1a197281eb5013cef50d700e2e0659a368e8c44 1 -1 0 0
5466 b998f77ce26272d2144f2aafd6aa406ee7dee7e0 2 -1 2 1
5809 1e241dbffc0ba85a958e0433ae3db3e6a6afea0a 1 -1 0 0
5896 9c96706d0c32b126c2f0758dd950c3182ed3830f 1 -1 0 0
5987 8a16125d2adf7fb7823395eae30168f1039df349 1 -1 0 0
6017 53d8d784ac21286030b3ac03cb5408f9f3806aa7 1 -1 0 0
6095 7283159d51aec5ab2ce6ea6e0ccba8c37fcb0173 1 -1 0 0
6239 b20dd74625f648612792695538771f7eab0400d7 1 -1 0 0
6307 ba5bb0f2b626ee479f50d08d36f1caa6c687a9c8 1 -1 0 0
6372 ca6893f5fa22f6c638200bb2b20cd9940ed64324 1 -1 0 0
6376 5d997ff9ee951e2a963c9605b0c2675a17ce082e 1 -1 0 0
6377 eca6369331e43da71dfec5b78cf8f81bf7ea09cb 1 -1 0 0
6381 2c54b53ce504a0125b65e0f1afb1f2fc6764bf51 1 -1 0 0
6463 07b02607bacb5cfcb47c7ee4d0bc485f215028ab 1 -1 0 0
6477 ec9d11194ae600cb43b4046353d2bde9ea79080a 1 -1 0 0
6479 f3b94165d9227b6a2b131b9e42e1b0b5f4a697cb 1 -1 0 0
6638 9816cc14d2e4b6680dcdc0975d135cb41b1dbc92 1 -1 0 0
6793 9f06eaff9d158b64d2a5d9e0dbcec567e7c6b230 1 -1 0 0
7145 731d091d75b40594d68f59253c8acef882d385e9 1 -1 0 0
8009 71207dd46080a652dadf148cf69e9e95bfa171dc 1 -1 0 0
8094 5f5ff37b9ed28fe0766f20e1952a72d0c409f456 1 -1 0 0
8143 d6183e0db7ae6f52a2d413607acb182e19018ee7 1 -1 0 0
8647 6a52c740c76d77eb94eeb0a822cca37d8bf1d3b5 1 -1 0 0
8667 929c4540f14662a0faec502a1a7010357bb9a97c 1 -1 0 0
8785 af3b679df162d15e2a0a108eddd8dadfd7810238 1 -1 0 0
8836 c604f60f4fc79a73f555089be4f359f215844e17 1 -1 0 0
8858 9935fb92f645706301c520e16c30f18ef89b0d7b 1 -1 0 0
8887 d98854a50d9716a4590615424ce3c473ad9e6f3d 1 -1 0 0
8922 da335ae74078a2df95557ff49be6ef0f915c453e 1 -1 0 0
8933 002dd49320d020a98fa6a048659f163b88312785 1 -1 0 0

  MEAN POSITIVE   2
   mean negative  2 
 mean commulative  0.17
 mean commulative  subtract0.02