619 ef94e6a362babf01c4fc1e0e45fd2eabfc86b2a7 1 -1 0 0
1189 4473be97b7c2fabf59319cf7d7eb3e2af03a2ca1 1 -1 0 0
1288 4e9cd026a947e9f77b8e07b7ab0f3dd3baa7d418 1 -1 0 0
1328 28d752deec92d70933535568aedd18cd79dcece7 1 -1 0 0
1467 b3697c4024dd3f4612f4f2b50f889871739a5753 1 -1 0 0
1828 8949a5f42d636d9962e07ee3d435bf9197ae827a 1 -1 0 0
1829 2c8d84ec7101e0db62905e3c3d03a8af90ed2227 1 -1 0 0
2499 c0761346cfde4ae066bdfb0d1fb0e5204e0dc380 1 -1 0 0
2521 610049e87b5ec54763c8e701a127884c040066e5 1 -1 0 0
2638 1aa455abc938d88ea8ba70842cc4e8c6baa21b04 2 -1 2 1
2885 610a865111989c00d861ca7b7169c4fd31ff317c 1 -1 0 0
2914 fb502e0dfdda6260ff370ac25b296c59b1de0e6c 1 -2 2 -1
3370 a17c15bbb317abbc48e838dee94e089d8bf560c4 1 -1 0 0
3371 484a7f134b7d96ddba3c4c02eca816911ccf56a3 1 -2 2 -1
3416 dcad93efe0cdbb3bd7e40f10b15b0cf87b75337e 1 -1 0 0
3417 371e0bdd53d1b23711ae1428deb30f2225086665 2 -1 2 1
3581 09416536a7c7b57253e0ba8630ec3ee31a47bf3c 1 -1 0 0
3738 b0e154f25e46d8f2acd671178fee2d25e0102153 1 -1 0 0
3749 b09855caef81f0b2278d779e7f7830dce564daba 1 -1 0 0
3774 6ce3764335c0a0bcadf3221abe3aa1a99a03c6f3 1 -1 0 0
3783 8631b192144380ca00f3c48436ff782ae69394e9 1 -1 0 0
3982 915b189d0b4c0153ec7570fbe419a015b253bf19 1 -1 0 0
4121 9db6cd1be7b901f78f30445bed2719fe753b75c1 1 -1 0 0
4243 441b1835957840a73ac27310190aa5b9b067b029 1 -1 0 0
4513 7b7dfd2cd085646eecd5449bbe2e8ec845c32995 1 -1 0 0
4521 7e0a694d78bdc19688b41da20418f6a28c748f40 1 -1 0 0
4534 c395db44c89f36a149dab3907fd17726064a706e 1 -1 0 0
4536 cfd8eb3a4cd4bb3cb4dde84c34250eebec60e800 1 -1 0 0
5018 48e1ed7ea6654979ade594c1c8259629e79f6e48 1 -1 0 0
5021 875952ae0ea031d1e33a96a3dcb2f6ad3e026952 1 -1 0 0
5025 794d2b42d744be9b13851edd432349a2a4fb85d9 1 -1 0 0
5026 24c07e62f1f214cf80d73d8248c91c1d7577089f 1 -1 0 0
5063 221642494cc18c3761be405c89ea21e9d2d6e75e 1 -1 0 0
5107 63099edbf3328aac202ef5cc3539f61d360fc312 1 -1 0 0
5180 f7497f8f1c9f5f03d43448da3ead48608c3b5be5 1 -1 0 0
5184 50065aa7211a1f30e05e3b2fa523f74a2bbbfa79 2 -1 2 1
5212 f1341b6239b03ccb63a4587121d8b8477c8329d9 1 -1 0 0
5235 92538099c675751f74bea9757b3b24d843710e39 1 -1 0 0
5294 360bf4f4045d82a1af184e8cc0e6a99cfe2378a1 1 -1 0 0
5820 1bd3c946ea5decb278aefa2132f71db40b6229cc 1 -1 0 0
6017 53d8d784ac21286030b3ac03cb5408f9f3806aa7 1 -1 0 0
6035 7d13f66c5e8743fd980e273fbb8f4939d1e30d20 1 -1 0 0
6225 79a383bb0ebd8deb2ef4abacdf50e5f09fc32a87 1 -1 0 0
6372 ca6893f5fa22f6c638200bb2b20cd9940ed64324 1 -1 0 0
6381 2c54b53ce504a0125b65e0f1afb1f2fc6764bf51 1 -1 0 0
6421 a4b2102375931e8c90e516a42052c0620b8ec3a8 1 -1 0 0
6424 11e88f6b619feed9cc75af463057cf01ff24be45 1 -1 0 0
6763 8f58737049783a2e36a070a537b23b68c1ff32ed 1 -1 0 0
6963 265f4fdbf7f578d7d19a65fd257b84d5a88b527c 1 -1 0 0
8009 71207dd46080a652dadf148cf69e9e95bfa171dc 1 -1 0 0
8094 5f5ff37b9ed28fe0766f20e1952a72d0c409f456 1 -1 0 0
8164 643f6807424f0c915eac04fb51fd059a3f1a6f2f 1 -1 0 0
8404 f246c2c2d76f97964692fea9b5bd22abbf57f459 1 -1 0 0
8407 bd10cad5914a0bdf7e29b307de149e6b2914f76c 1 -1 0 0
9030 9c64cbdfc3dd59a5a4b810543a671891bba8529d 1 -1 0 0
9067 ceafb5e72e3280202198a592080fa0eb6f8a6a46 1 -1 0 0
9135 f3427804a2f7ec98ce87b9e971abaa196761c017 1 -1 0 0

  MEAN POSITIVE   2
   mean negative  2 
 mean commulative  0.18
 mean commulative  subtract0.02