226 0adf20b66a41fa5d9f4b8642899f2a3510dc5566 1 -1 0 0
1172 20c4999ef6cdc4aafb199e4b0aba88aada68fed5 2 -1 2 1
1189 4473be97b7c2fabf59319cf7d7eb3e2af03a2ca1 1 -1 0 0
1199 7eb98ea091ad8927063971f15da2bbdcc75243ab 1 -1 0 0
1212 31f72ccd9a2ea050843e5db6162ab46b161c1e81 1 -1 0 0
1229 453c69446af95533431eea10db315874e34fd5a5 1 -1 0 0
1328 28d752deec92d70933535568aedd18cd79dcece7 1 -1 0 0
1531 a892cb18f18aad5c421813ed1177631a7dedf182 1 -1 0 0
1667 9e6b9cd69eb30e3f2aef20e41b4d9feab57d3e39 1 -1 0 0
1699 0b4088ef8cc09b2d642d1eb6819a6db716420575 1 -1 0 0
1700 cfb3050d9f6aa93a89281734bd8cb44990c6b42b 1 -1 0 0
1885 5ddb0c1ea9bf2267c8fb6b5a1813c0ac501b066b 1 -1 0 0
2337 6eb5a343f9a78a73391f29a46dd9913beba9edd3 1 -1 0 0
2481 da517f107fc79907cd58bccaa42b0507e39853dd 1 -1 0 0
2542 7b82257939260f470b0e10dded0d564731a889e2 1 -1 0 0
2885 610a865111989c00d861ca7b7169c4fd31ff317c 1 -1 0 0
3090 a4b0e029f9eff08536a0eab92e376d2fb5ce7a40 1 -1 0 0
3121 438ca530719af9c7c1e783fcc649dc45d36afe88 1 -1 0 0
3139 75d08e75cc32a71f1412be971470042577577253 1 -3 3 -2
3178 dacb6fb872c32446c5341be806dede2353a11e5d 1 -1 0 0
3416 dcad93efe0cdbb3bd7e40f10b15b0cf87b75337e 1 -1 0 0
3525 0c1fe78f769fd18ecaff231665f1fb6e9ef6227f 1 -1 0 0
3546 3f31b23272f601d8761924dad1dc82c6c2881ae6 1 -1 0 0
3577 3a3c2b12a2e025107a0a29cc599f4f49c701deaf 1 -1 0 0
3581 09416536a7c7b57253e0ba8630ec3ee31a47bf3c 1 -1 0 0
3584 8a403a1a4d51d4f6498847da90e16ae6e05e60c5 1 -1 0 0
3739 64ba1b911ecfed47f2e92629b7ecfe6646544e54 1 -1 0 0
3774 6ce3764335c0a0bcadf3221abe3aa1a99a03c6f3 1 -1 0 0
4260 972c949e5907f000abfe83e4773f248c6fdb6677 1 -1 0 0
4263 6365caa76696cf39e80279d1264c682e8328434c 1 -1 0 0
4490 37096849aa6c4e0774619fcf5c0712e6cdcde894 1 -1 0 0
4512 73e3e1dc45518ed00956c0a000a78fc0fbd9ab4f 1 -1 0 0
4521 7e0a694d78bdc19688b41da20418f6a28c748f40 1 -1 0 0
4536 cfd8eb3a4cd4bb3cb4dde84c34250eebec60e800 1 -1 0 0
4966 e803df0e4f458aafec49dd49cbb429ba643d6911 1 -1 0 0
5056 41fa13b5dfc8faea272ca0da9764bcb6cb1926b8 1 -1 0 0
5063 221642494cc18c3761be405c89ea21e9d2d6e75e 1 -1 0 0
5064 837e36d67c856dc8b23bb6e68b9de98f858466e3 1 -1 0 0
5184 50065aa7211a1f30e05e3b2fa523f74a2bbbfa79 2 -1 2 1
5291 bdc3f7e12e4b24e8dce957c9c8e51dc606cc5fa8 1 -1 0 0
5387 9db584cd3ac615359e3827149cdd247d42be7647 1 -1 0 0
5723 228f2d0dac09b0d5dd55503fd689f4ca44b9b03c 1 -1 0 0
5825 f5b73a1127cef6fb165483eedaa086fb645f113c 1 -1 0 0
5826 2f8dd74e4cd5eefc9d1bf62349af88e15d4e934b 1 -1 0 0
5896 9c96706d0c32b126c2f0758dd950c3182ed3830f 1 -1 0 0
5976 c00a47d728d7c08ae17e1632e974cfac1fe912d6 1 -1 0 0
5977 3050e6f8a68066c927e015dee934db2545ffb06c 1 -1 0 0
6017 53d8d784ac21286030b3ac03cb5408f9f3806aa7 1 -1 0 0
6178 8f3a850f9a136b3674ceec60ad5242339f83b498 1 -1 0 0
6239 b20dd74625f648612792695538771f7eab0400d7 1 -1 0 0
6307 ba5bb0f2b626ee479f50d08d36f1caa6c687a9c8 1 -1 0 0
6377 eca6369331e43da71dfec5b78cf8f81bf7ea09cb 1 -1 0 0
6381 2c54b53ce504a0125b65e0f1afb1f2fc6764bf51 1 -1 0 0
6421 a4b2102375931e8c90e516a42052c0620b8ec3a8 1 -1 0 0
6423 9ec10aea684885e42eb8601232eac84d681c566a 1 -1 0 0
6479 f3b94165d9227b6a2b131b9e42e1b0b5f4a697cb 1 -1 0 0
6622 568fc3de565f03e42efacad8cfcd378968c62009 1 -1 0 0
6638 9816cc14d2e4b6680dcdc0975d135cb41b1dbc92 1 -1 0 0
6668 719c48902d9944d7311eefe655f9581307c42204 1 -1 0 0
6778 2083f45c8dce472de6475a2651fa2f09725787f7 1 -1 0 0
6807 82833de2d279bfbd4f139c63fade752d6a4f377e 1 -1 0 0
8094 5f5ff37b9ed28fe0766f20e1952a72d0c409f456 1 -1 0 0
8587 b50315879c647cb0721a7bb7608b8137eb5e9c51 1 -1 0 0
8785 af3b679df162d15e2a0a108eddd8dadfd7810238 1 -1 0 0
8851 f6387971424f798232a68bd993fb8d9113de3693 1 -1 0 0
8858 9935fb92f645706301c520e16c30f18ef89b0d7b 1 -1 0 0
8927 70fd9188f714029cd790e103c8dd84023a486e89 1 -1 0 0

  MEAN POSITIVE   2
   mean negative  3 
 mean commulative  0.1
 mean commulative  subtract0