226 0adf20b66a41fa5d9f4b8642899f2a3510dc5566 1 -1 0 0
619 ef94e6a362babf01c4fc1e0e45fd2eabfc86b2a7 1 -1 0 0
1212 31f72ccd9a2ea050843e5db6162ab46b161c1e81 1 -1 0 0
1288 4e9cd026a947e9f77b8e07b7ab0f3dd3baa7d418 1 -1 0 0
1328 28d752deec92d70933535568aedd18cd79dcece7 1 -1 0 0
1467 b3697c4024dd3f4612f4f2b50f889871739a5753 1 -1 0 0
1471 450423a8157b1ee20dd6c7427c313b1376b4ae6d 1 -1 0 0
1475 2efd22565fa83c727287033e651dfdd300b5c79e 1 -2 2 -1
1479 529c3db9c50bf79cd4420b39f13594222b611ae7 1 -3 3 -2
1508 e73a257f9b579d0055191e8f7a98482208606fc5 1 -2 2 -1
1551 9317dff8051494945d7cd0f0ece16d46db451312 1 -1 0 0
1707 5c62d4bff5873e5529fb3b869b6f516d05084d6d 1 -1 0 0
1719 0083edafc06263ac301e13e49ac9882be90a80f7 1 -1 0 0
1829 2c8d84ec7101e0db62905e3c3d03a8af90ed2227 1 -1 0 0
2337 6eb5a343f9a78a73391f29a46dd9913beba9edd3 1 -1 0 0
2521 610049e87b5ec54763c8e701a127884c040066e5 1 -1 0 0
2638 1aa455abc938d88ea8ba70842cc4e8c6baa21b04 2 -1 2 1
2704 d7135c3f58daea759f8f2605e13eba56f89265e3 1 -1 0 0
2847 dcd0280212f535a9f5efde6d31b81fb44291b55d 1 -1 0 0
2885 610a865111989c00d861ca7b7169c4fd31ff317c 1 -1 0 0
2900 570aae19f4a103a3ff8ecac96622323884367b1a 1 -1 0 0
2902 57ef6276b612f0f9446a9ed1a12b1db66948cc1e 1 -1 0 0
3123 ffefcbeffdfe316ca9e1aeca6ab19646498ee3fb 1 -1 0 0
3178 dacb6fb872c32446c5341be806dede2353a11e5d 1 -1 0 0
3371 484a7f134b7d96ddba3c4c02eca816911ccf56a3 1 -2 2 -1
3416 dcad93efe0cdbb3bd7e40f10b15b0cf87b75337e 1 -1 0 0
3417 371e0bdd53d1b23711ae1428deb30f2225086665 2 -1 2 1
3422 0dfad91b63f62d2c2d61c6f0517684e45f11487e 1 -1 0 0
3525 0c1fe78f769fd18ecaff231665f1fb6e9ef6227f 1 -1 0 0
3581 09416536a7c7b57253e0ba8630ec3ee31a47bf3c 1 -1 0 0
4121 9db6cd1be7b901f78f30445bed2719fe753b75c1 1 -1 0 0
4490 37096849aa6c4e0774619fcf5c0712e6cdcde894 1 -1 0 0
4536 cfd8eb3a4cd4bb3cb4dde84c34250eebec60e800 1 -1 0 0
4949 bed4cebe42619d2a043c3a351ab30ada6bc97b05 1 -1 0 0
4966 e803df0e4f458aafec49dd49cbb429ba643d6911 1 -1 0 0
5025 794d2b42d744be9b13851edd432349a2a4fb85d9 1 -1 0 0
5056 41fa13b5dfc8faea272ca0da9764bcb6cb1926b8 1 -1 0 0
5061 e25d2282934f07e34df04b61f69e66e82d7e4916 1 -1 0 0
5063 221642494cc18c3761be405c89ea21e9d2d6e75e 1 -1 0 0
5184 50065aa7211a1f30e05e3b2fa523f74a2bbbfa79 2 -1 2 1
5210 cbd845e3330f389c2b823d7afff8fa0e99e126f6 2 -1 2 1
5211 86d7dfde16c2ce740a5b5d121f4cec9ffcbfc131 1 -1 0 0
5729 e948705da935a73f4e5a3d3277c6dc0691b6b197 1 -1 0 0
5943 72ea3f157cd9e4666e8ed06e9f2610f92ae933c1 1 -1 0 0
5977 3050e6f8a68066c927e015dee934db2545ffb06c 1 -1 0 0
6001 0e8a1d77cfec5f873f3ecc73882309c9a7de96ef 2 -1 2 1
6017 53d8d784ac21286030b3ac03cb5408f9f3806aa7 1 -1 0 0
6105 5099043c047daaa2a6187cd2014330d24fbc8b90 2 -1 2 1
6225 79a383bb0ebd8deb2ef4abacdf50e5f09fc32a87 1 -1 0 0
6376 5d997ff9ee951e2a963c9605b0c2675a17ce082e 1 -1 0 0
6381 2c54b53ce504a0125b65e0f1afb1f2fc6764bf51 1 -1 0 0
6421 a4b2102375931e8c90e516a42052c0620b8ec3a8 1 -1 0 0
6423 9ec10aea684885e42eb8601232eac84d681c566a 1 -1 0 0
6424 11e88f6b619feed9cc75af463057cf01ff24be45 1 -1 0 0
6622 568fc3de565f03e42efacad8cfcd378968c62009 1 -1 0 0
6963 265f4fdbf7f578d7d19a65fd257b84d5a88b527c 1 -1 0 0
8008 aecc41bdf017a73c730b1c9b8dc5418048526d58 1 -1 0 0
8118 701dfb8c16cc41652ca2f0a8db6136265e5fefcc 1 -1 0 0
8407 bd10cad5914a0bdf7e29b307de149e6b2914f76c 1 -1 0 0
8587 b50315879c647cb0721a7bb7608b8137eb5e9c51 1 -1 0 0
8785 af3b679df162d15e2a0a108eddd8dadfd7810238 1 -1 0 0
9030 9c64cbdfc3dd59a5a4b810543a671891bba8529d 1 -1 0 0
9067 ceafb5e72e3280202198a592080fa0eb6f8a6a46 1 -1 0 0
9149 79b13f05b7f5bbe302ff6162ba2a979038a37586 1 -1 0 0

  MEAN POSITIVE   2
   mean negative  2.25 
 mean commulative  0.33
 mean commulative  subtract0.02