32 8006f99ce41877ba03e9692324e1bec9432bdcb8 1 -1 0 0
792 a44dfa233d573e8a53f9de30028732ac3c7f4a1e 1 -1 0 0
796 854a31298b3ef62d04bee0be8c7a49bf43d6b3d6 1 -1 0 0
3374 ddbdcb89e60a7a39c82b9bcbbb2f4b458935d564 1 -1 0 0
4483 a7d7373dbbbb6cd994cfd3f5283553bb39207b26 2 -1 2 1
5788 6dc85bb048f3df98c46c9e9518e0f9063ab3c755 1 -1 0 0
6538 2f2181393b5da9d1aa1c6ce8efbaa58f9e3a371b 2 -1 2 1
8234 e83fecf31b49856ef27297c700472787f206b409 1 -2 2 -1

  MEAN POSITIVE   2
   mean negative  2 
 mean commulative  0.75
 mean commulative  subtract0.12