794 139af3bcfae624bb4af00b6b5942ab45f951b161 1 -1 0 0
1088 1f3ed9b94a366865076248fd9b9fef79852e4987 1 -1 0 0
1653 c80542b78cc68446f28428ed7f8c2365e221a750 1 -1 0 0
3453 a702be05d37ea31b8b13e299dae4b33b057d3f91 1 -1 0 0
4770 3f4bdd0d10cd006b676128555e53d2d7c4f54fe8 1 -1 0 0
5791 3a5a37f4a53fa42c3c95e0cfb499d7dc3d8d3a06 1 -1 0 0
6138 3a6157d4ff42d4f765e118d704be5d59dd91e47b 1 -2 2 -1
6538 2f2181393b5da9d1aa1c6ce8efbaa58f9e3a371b 2 -1 2 1
7051 17bad87476b1c2b5a332c83e9af354f8ad363bb5 1 -1 0 0
8155 bc4a153bebcc12edc802bd2c5f8a638af287e65e 1 -1 0 0

  MEAN POSITIVE   2
   mean negative  2 
 mean commulative  0.4
 mean commulative  subtract0