3053 0c76a1362044645953200a56e192065d75e09a52 1 -2 2 -1
3468 8b2f758b9a2c1556d4da1ff58c20b09c5785181f 1 -1 0 0
4704 e424238387067b01fb482c2838382380cee4b056 1 -1 0 0
4788 2584370510090eaf6ccbffa44c8bd81e30769991 1 -1 0 0
4912 9920d524715df5908e2bfee30a54479a17cf87ac 1 -1 0 0
5549 1c3c52595afc2d722fb4d292097a32949ac672d7 1 -1 0 0
5559 4ffd938605c923ddf515e2ead763965d95140fa0 1 -1 0 0
5601 db5a07a9432cb8bc2e3bc330c246f44f78cae7c5 1 -1 0 0
5945 fb88d57c3eb28fcb60702fc235c9190ba76885ef 1 -1 0 0
6621 48b292f63343ca0763bb20d101cf9926db6bedaa 1 -1 0 0
7001 6bc837b50452fe0ef00ba344e374c2ad9e703629 1 -1 0 0
9540 48c92c3aee861fbb13e458ba2abe3fbadf3b6076 1 -1 0 0
10147 e94a61844dc3f23e79543e00126a1f3bb95a3939 2 -1 2 1
10241 4dfb9447b5fb654513ccb432ee9274443ad032a8 1 -1 0 0
10420 a051794eb49fafcd4c711cda92b851f499262b17 1 -1 0 0
11378 79584273878c8ccb3d80580798da5407b928cb39 1 -1 0 0
11411 a5232a8e084dcf83cbeb91785cbca8f00cdf17bb 1 -1 0 0
11655 16071d9258e1e1b555adda7cce47d71ce145c7a9 1 -1 0 0
11836 a8a85b04a03748c05bc81b09bc101f2f420b7251 1 -1 0 0
11900 65489a127434d3b936924a3616cc6fded5ac31ea 1 -1 0 0
11989 15a2615a884d971b5613d60e86323a589cd52c9c 1 -1 0 0

  MEAN POSITIVE   2
   mean negative  2 
 mean commulative  0.19
 mean commulative  subtract0