3026 c5a778611b7ba9d9f3424389d3c3c90c978222da 1 -1 0 0
3053 0c76a1362044645953200a56e192065d75e09a52 1 -2 2 -1
3055 b8cb72cc62921f4f6a4f0f0277023d319c678ef4 1 -1 0 0
3468 8b2f758b9a2c1556d4da1ff58c20b09c5785181f 1 -1 0 0
3553 f49c990b936c82959cd9363c60d960d214d43b1b 1 -1 0 0
3572 8bff92019013976be9d160d8494eb7df3c0e82a7 1 -1 0 0
3644 31227f6d941a351bca8ebbe405d077ca25e7805d 1 -1 0 0
4200 aad1f7da30c37f6b5d96b58710d73ba44b2fc315 1 -1 0 0
4454 7814fa084b644ddda32279922cdb51677347037f 1 -1 0 0
4498 0f47c632ba13e191b9e3919f1d2b2f907505a474 1 -1 0 0
4679 6832dfac87c5973f68faef55d94ec2790b1208e6 1 -1 0 0
4788 2584370510090eaf6ccbffa44c8bd81e30769991 1 -1 0 0
4912 9920d524715df5908e2bfee30a54479a17cf87ac 1 -1 0 0
5171 ee67d1bbb0a4865ddb000b8b1bc7ca4b723ab5e5 2 -1 2 1
5275 aa17b7a2b6bf8d8261199a541be76b390a8772f3 1 -1 0 0
5361 f22b56e31a0fa6622bbc88daf9cfd27e9ed07172 1 -1 0 0
5549 1c3c52595afc2d722fb4d292097a32949ac672d7 1 -1 0 0
5945 fb88d57c3eb28fcb60702fc235c9190ba76885ef 1 -1 0 0
5999 4ef579f7b61b7d8921a72de9734af692c46a9644 1 -1 0 0
6560 73efe4518d4d197b306de6ac87109f048de773fe 1 -1 0 0
6621 48b292f63343ca0763bb20d101cf9926db6bedaa 1 -1 0 0
6896 3c14aab7d82da634e3fb142dbbb531fe6b0185a3 2 -1 2 1
7350 36ebbd80d08674e146fe4f8f3a7e09e513bbb54a 1 -1 0 0
9685 fc8e9a680f581b4f307bd93d1d697aec5fc60d6e 1 -1 0 0
10153 2f8f703ee8faeb226ac4a3f904c73b080bfa44fd 2 -1 2 1
10250 051d2eb9efbe935fc5b7de5c3ea449e54ab77261 1 -1 0 0
10322 f6ea4d6b4ecf70398b6fc1677a54a816f816eb69 1 -1 0 0
10344 136163a9f35f1d3134b2187e65ea7d6f65c66644 1 -1 0 0
10393 3af625c3bb8f17fc88aad4cfcb87ec6e9257278b 1 -1 0 0
10407 e4445d455a237bc5ca19ea0df790728fe54a5422 1 -1 0 0
10409 4361dd3e1a839287e8ed9df7449d2d45bd7e6167 1 -1 0 0
10420 a051794eb49fafcd4c711cda92b851f499262b17 1 -1 0 0
11380 ef2ae46581f4f3469d4e8c4b76bf59afc8fbcf23 1 -1 0 0
11411 a5232a8e084dcf83cbeb91785cbca8f00cdf17bb 1 -1 0 0
11413 e2631d92b16de25626827f6043fe2d644d52cb5d 1 -1 0 0
11426 93739d29f867c3c6a3f51fdcd0f03695bda37b9d 1 -1 0 0
11427 3a8d49435ba4ed9274f5043f6ce65c842e0d47ae 1 -1 0 0
11428 84ce1bccb4f53d5a08fae57c18116cab63a5cdc5 1 -1 0 0
11447 ab01d2ff0dcb7f72d30adf2c51f0a2511cd7c85a 1 -1 0 0
11450 2c64e64d3921b911e4146cdf6d27e4fc377f7d22 1 -1 0 0
11453 ca072199b75af423a3d3af586f93124bda26d32e 1 -1 0 0
11481 3d6f443c7df422d730aae3bd05d25f253657a52b 1 -1 0 0
11516 b2d72e8be15b0f47e1cae9be622849e824d25104 1 -1 0 0
11541 c22512bc39c1d2b93d3a48b0c87c11ca54e66147 1 -1 0 0
11552 8e7fd20d066953d3ae7320f8c52f1b381bf79abe 1 -1 0 0
11564 2a34290145d300d9063a7a0618b919ebfbb9b9f5 1 -1 0 0
11570 131b7a4d4afb1409466cc9a70665a3fbdb591229 1 -1 0 0
11575 6255be59944a5f5d4bf344cd60bd7a0c175d9895 1 -1 0 0
11579 3078abccef533f464a5b1dd76f27f16c88e7d4bc 1 -1 0 0
11641 eb9643845fad47a693b458abfb93a4ef67f37a72 1 -1 0 0
11755 3558c76194575e70bab6c4222f3df0f2a1894e07 1 -1 0 0
11832 7b2b23bf0ae1b53dc872c4f4337c6581ce63ec2c 1 -1 0 0
11888 47ea565c34a654d0ad9a64b6b01241e68b3d6c4e 1 -1 0 0
11900 65489a127434d3b936924a3616cc6fded5ac31ea 1 -1 0 0
11937 d712c49169024958bfc2c0c14a51989d7774140c 2 -1 2 1

  MEAN POSITIVE   2
   mean negative  2 
 mean commulative  0.18
 mean commulative  subtract0.05