244 07349e9d1011192699a08e7a0553b3e0e88da103 2 -2 4 0
302 970ac664377026f6988adf818a819ddcb327b7a9 2 -2 4 0
353 f39e1d71b478bafac028043a59683dfbed1d9df0 2 -2 4 0
361 f6bdae642c6f7051e330699f02522ece4fd1b769 2 -2 4 0
1362 d434a6072462b8ba01a41f9febdaabc383e0e31e 2 -2 4 0
1416 071ba8eb49cc6ea63dc913aab145076dbeff0049 2 -2 4 0
1842 7072b0706a63c3d1f15c784f937a635289f9c0cd 1 -1 0 0
2193 2d96b3f6884966d6f0f920bb305dcbdad107d9a1 1 -1 0 0
2197 4370dc026c3c9f679f858ee6bbe7b7f56c290ca7 1 -1 0 0
2201 5bdb797e4f545c6b16f44523cdab2500460f290d 1 -1 0 0
2204 933fbbf606268eec9fc430632b8bca7002a833b3 2 -2 4 0
8423 7a891b5c83357dbeea2bbe4a5335ae685501e21c 1 -1 0 0
8522 9531eea15052eccc004b5f853ab4452becf7a8ab 2 -1 2 1
8681 e9af8901fc4ed7c05d085e2e492f5dcc857f0146 2 -2 4 0
9606 d7fd1b88b89ca762afe5609d84a8eedfb611cbe1 1 -3 3 -2
9852 6c78b7b94c232063ec559436b48b33751373ecf1 2 -2 4 0
11071 059dbc04218144f985b20a228bbe98139d400d0c 2 -2 4 0
11399 204cab3c22b4d75c866c95e2d2eec42e14cbd924 2 -2 4 0
11483 bcfb325d5b1f9529b439cc0805a1c140521510f7 2 -2 4 0
12072 c7fd8fd75e74f59e583df1e4fea0d221891e2000 1 -1 0 0
12313 a1df197865bf7c86448ad5434ac56e6a9020e2d1 2 -2 4 0

  MEAN POSITIVE   2
   mean negative  2.07 
 mean commulative  2.71
 mean commulative  subtract-0.05