1842 7072b0706a63c3d1f15c784f937a635289f9c0cd 1 -1 0 0
2193 2d96b3f6884966d6f0f920bb305dcbdad107d9a1 1 -1 0 0
2197 4370dc026c3c9f679f858ee6bbe7b7f56c290ca7 1 -1 0 0
2201 5bdb797e4f545c6b16f44523cdab2500460f290d 1 -1 0 0
2204 933fbbf606268eec9fc430632b8bca7002a833b3 2 -2 4 0
8542 ce1150d9897bd5baf66de4a8db132afce18be15a 1 -1 0 0
8543 953df613522e12a418cb7cb73248594d6c9f53d4 1 -3 3 -2
8650 64ce5d1c72204de8e58da45ddf1a57ba8b70cec6 1 -2 2 -1
8656 50ddd34d1e1228c37ac45b43934cc114376f3667 1 -2 2 -1
9606 d7fd1b88b89ca762afe5609d84a8eedfb611cbe1 1 -3 3 -2
9822 4ae3fd787741bfe1b808f447dcb0785250024119 2 -2 4 0
11071 059dbc04218144f985b20a228bbe98139d400d0c 2 -2 4 0
11341 0c131a2ca38465b7d1df4eaee63ac73ce4d5986d 3 -2 5 1
11399 204cab3c22b4d75c866c95e2d2eec42e14cbd924 2 -2 4 0
11483 bcfb325d5b1f9529b439cc0805a1c140521510f7 2 -2 4 0
12313 a1df197865bf7c86448ad5434ac56e6a9020e2d1 2 -2 4 0

  MEAN POSITIVE   2.14
   mean negative  2.18 
 mean commulative  2.44
 mean commulative  subtract-0.31