313 068e22628f12670467132546f435307499f80bbf 1 -3 3 -2
522 c1663005d42f639015d9b0b698ef8a9d54f14886 2 -3 5 -1
1846 f644431a146386e76ff61e898ac08c27f5074574 1 -1 0 0
1865 e1c41aa9bd8b8d630ebb6d25b03cce5eb94045c4 1 -1 0 0
1922 88bcc0cba05770e38aed6069c4eeb5d324eb8194 1 -1 0 0
2544 a5042117a0371cfca5e8eabc7b945a8112a042fa 1 -1 0 0
2967 85a12568f575a084aaefe5262e6576ed46d2f718 1 -1 0 0
2969 40753cb3ae5eb989610cfd53f8a1f6c8a754af17 1 -1 0 0
2970 43a1fcb71e999adbaf6dd70a5988e83a3b06c4fc 1 -1 0 0
2971 743ea2b255493b779a7880070b730b9e27d128b7 1 -1 0 0
4109 38d1ee948a052f8857743f2814bc66e6eb876ced 1 -1 0 0
5100 d921338fc11f44a24df15994904194ccfb774671 1 -1 0 0
5254 c59285e45706f580f2b961031e6181e496919cc4 1 -1 0 0
6549 a222570b7a5dcba168b6c1f2269c14785ed9a684 1 -1 0 0
6613 f99505ec6365b90685fb21b00dbb848bf59fb47a 1 -1 0 0
6709 dcef139f72bb866ae6d2d45ad08052f3c5cb9e6a 1 -1 0 0
7023 5bebd1e573a9acf7b1cf6a9335c912b96c8e2819 1 -1 0 0
7183 dcbb7f9fb88f18de0912e790ae4972c7ad09319a 1 -1 0 0
7678 df1108da9cdeb400ce282efe23ba1fc267e23dc0 1 -1 0 0

  MEAN POSITIVE   2
   mean negative  3 
 mean commulative  0.42
 mean commulative  subtract-0.16