522 c1663005d42f639015d9b0b698ef8a9d54f14886 2 -3 5 -1
640 26aa7ce64b33d07b32afe51ddaadb1a32277ec0a 2 -3 5 -1
1627 0037412efaeca142fd197629c3c16baa5df0c153 1 -1 0 0
2309 5fd630fb4c8576bc46e2b0e00cb59c19e11338d0 1 -1 0 0
2362 656e11b94467cc7ce5a4910109bd3533e3405ecc 1 -1 0 0
2383 5dd32df3882c049499bfa79b3a9afeee74dbfa1b 1 -1 0 0
2754 de2d009c6e3fc07b00b920b095464fb63d9c0898 1 -1 0 0
3387 1f6688b3c8b6e92778bd1e886b9eb81cdbadcf72 1 -1 0 0
3515 02a156e8f9d7270f19750b10be2377cf85cdb106 1 -1 0 0
3539 1e38d2401b95a11ec0a97d2d1e9447185e4096f0 2 -1 2 1
3573 9181e89ea759b3a3958ac47f877d8db5a75effe1 1 -1 0 0
3574 4c3ae8589df5b2928d5e0053e4678ada4edfa3cc 1 -1 0 0
3719 aed9aad8bc0d9b528faa6cc930bc2f42171d5c04 3 -1 3 2
3833 9cf6c428de1f3fdeb39e956e39a8a96f1f6fbe54 1 -2 2 -1
4109 38d1ee948a052f8857743f2814bc66e6eb876ced 1 -1 0 0
5494 c6484e4095ac8a82537bdbc3cd76d31a661332c3 1 -1 0 0
5543 26b8c188d4d547a9c730c606637930866b22e193 1 -1 0 0
5647 1989ad2b0bd562ac650ff7c93bb38bbaa3fb6b2b 1 -1 0 0
5822 2af672695ba6efa1eda55e99ec036807547f30fb 1 -1 0 0
6174 a60311b0b20ea0633f0a2092df37a738b6691df5 1 -1 0 0
6709 dcef139f72bb866ae6d2d45ad08052f3c5cb9e6a 1 -1 0 0
6722 8bd9c5a0d2b0fec577869cc29afde99c7c612ae3 1 -1 0 0
7214 b186781732818502776919728c1378d9303d4567 1 -1 0 0

  MEAN POSITIVE   2.25
   mean negative  2.67 
 mean commulative  0.74
 mean commulative  subtract0