522 c1663005d42f639015d9b0b698ef8a9d54f14886 2 -3 5 -1
1627 0037412efaeca142fd197629c3c16baa5df0c153 1 -1 0 0
1865 e1c41aa9bd8b8d630ebb6d25b03cce5eb94045c4 1 -1 0 0
1910 0d19d7f7c6ba63599c7fbeb12cdf5791915e569e 1 -1 0 0
2769 3318d34f4ec8a8d7689698b289e09b5735f5d960 1 -1 0 0
3284 e8ea0fca1162dfd14d27ee6dc608e9a04e246844 1 -1 0 0
3330 376b938158d59ee6757599dd4742ef91a0a6ea62 1 -1 0 0
3573 9181e89ea759b3a3958ac47f877d8db5a75effe1 1 -1 0 0
3584 2d2d8ed65823e2c39cbbcde9fbf7217d5a37bd2f 1 -1 0 0
3639 dbfc69d2d09ada1fd8a74abcd2fb8ef85030089c 1 -1 0 0
3719 aed9aad8bc0d9b528faa6cc930bc2f42171d5c04 3 -1 3 2
4109 38d1ee948a052f8857743f2814bc66e6eb876ced 1 -1 0 0
4123 ce7761f3192073ec4a823edd8b42d1e75a52fc43 1 -1 0 0
5100 d921338fc11f44a24df15994904194ccfb774671 1 -1 0 0
5185 eeb992619578960ff6401cda9ccef340be176694 1 -1 0 0
5494 c6484e4095ac8a82537bdbc3cd76d31a661332c3 1 -1 0 0
5849 feb205e44ad808bcfe2f33002933567d2fddf0c3 2 -1 2 1
6171 7dc7d3a921b2756e6d4c441c5652bb7ea44e7a3f 1 -1 0 0
6400 88e274abf5800b89d9246563098f04c17c4e2142 1 -1 0 0
6613 f99505ec6365b90685fb21b00dbb848bf59fb47a 1 -1 0 0
6800 756b4fe7ebe3ef40de9efca9b4791f1eed268103 1 -1 0 0
7023 5bebd1e573a9acf7b1cf6a9335c912b96c8e2819 1 -1 0 0
7071 1fd27ce79586b85170a2f6b8f5748cc36a1b20d1 2 -2 4 0
9056 fe3d405221fe30b4c0c96ad8af0cb0e8af45b150 1 -1 0 0

  MEAN POSITIVE   2.25
   mean negative  2.5 
 mean commulative  0.58
 mean commulative  subtract0.08