152 d6bfd8429c5093222ec3d19e146cf2a107daa4f1 2 -1 2 1
875 457ed86168d630739e39dd6d83262942905e9166 1 -1 0 0
1702 b3f0e81c51d325a352f90b4912a368fbd3336bab 1 -1 0 0
2298 a99cba48b9c773afec6d9d3f4cef7bec5c3d3864 1 -1 0 0
3931 ba6bedbc10951fca7e59dcadb78e70a4aed1fbcf 1 -2 2 -1
5476 969a361795cbad5c0dd0d5206fc66358e4fd4263 1 -1 0 0
5826 a8de21fed43d21838c7b9d4aa3d220d664a81c71 1 -1 0 0
5845 015dc506e92a339bb685627e42cbe36e64498334 1 -1 0 0
6268 655bacc0e340a7d491976f7f57b59a557ab7e3a9 1 -1 0 0
6389 428dbd28dd20c1ae6a18361624cb328d08ac15ed 1 -1 0 0
6394 1dd323a96fc7cc95b322c9df16f745b905d9dab2 1 -1 0 0
6965 f8c8658f4d04878143b8857de26d0af2ea58a52d 1 -1 0 0
7671 154d22a5c63d55f6fb7b501c15b69f6e0e95491f 1 -1 0 0
8474 7746a78ef80f64335370196761d90f474c3a8df8 1 -1 0 0

  MEAN POSITIVE   2
   mean negative  2 
 mean commulative  0.29
 mean commulative  subtract0