378 4f262f61409d33e1f008dd1fdd6d7010dc92302e 1 -1 0 0
1490 59348f8dbdffc45573d0930b873477fe619b6b95 1 -1 0 0
2604 efff25a87c5b746f33970fd6cedeebff92192579 1 -1 0 0
2941 f47ec65b8fb85c67d251d9e0945138d46aee3f8c 1 -1 0 0
3782 70a2e330efb653a39503bedbc96ee62a808026a6 1 -1 0 0
4554 0f321f1597f68ef14cc13c20289fcabc1a4cede6 1 -1 0 0
5724 7fbb3b12d1f3ea0c5b3c027da3ecc3b9fd335a7b 1 -1 0 0
6041 2c3be290165ea8ffdf6ba5c6389adbbcb230d982 1 -1 0 0
6070 d201a29d03aba9867ed9d2aadb79ab3b1fefc5b3 1 -1 0 0
6289 40fd4ccd15d3331ae13edf51f7ed1d1d91038ce8 2 -1 2 1
6346 de815e271c61eabe8373a82d2fc825721e223f7d 1 -1 0 0
6357 f9b2c0bc63b986a8c1fff8f2f078a34d92d9d021 2 -1 2 1
7650 8353b623da7b2f3a721c7b49ed5d495d697fb786 1 -3 3 -2
9656 fa23a7b066e43068346b72df8a2739ba84c17a34 1 -1 0 0
9698 0b599c45ec3535be180970daf01c0043b44d60bb 1 -3 3 -2
10271 7bb792836df8d2db8c50488d55eb6f7094fecffd 2 -3 5 -1
10304 79f934fe1748699b2e8cd3f34a162819037c3783 1 -2 2 -1
10351 76f89ac93cda344091e75b0a9f238478bb5de5d5 2 -1 2 1
11392 8e3e8ada32d4d69e6cecb58d0e253687b5a02877 3 -2 5 1
11664 52b1c0a9262bb8c573ae73172ce11d80f3289324 1 -1 0 0
11728 71a6cf4ee6e547f3383bb44451e63588d2b148fa 2 -1 2 1
11785 4b8ac8166953306f472db7b15888c4f011a0c0b4 1 -1 0 0
11875 2f17bfd71c05e8cd2b5438f4baf559514e9bd7d3 1 -4 4 -3
12059 60584228d954950893f0e64da63ec2853c9d93b5 1 -3 3 -2
12118 7e1b49a74262b2da3cb38a6d35ef8fcdd61b8f69 1 -1 0 0
12124 3c762c9a02316dd167213269e0cc51cc32b374e4 1 -1 0 0
12125 ba5f0fb70b15372b02fdf0f6cbe8aa81016ada9e 1 -1 0 0

  MEAN POSITIVE   2.17
   mean negative  2.86 
 mean commulative  1.22
 mean commulative  subtract-0.22