624 a141d5090210b8e518c05f4bc7188dbe733d9140 1 -1 0 0
3532 680c31b843897717a48e6e96c645fb40c9d066ee 1 -1 0 0
3534 7a8fde6637fb56a4e56c58d2fff8608de2e96cd5 1 -1 0 0
3856 983537b0fd77f0056e9428b94910c6d22bd43648 1 -1 0 0
4071 d2a7af28848fcac41d4ed4f936814539c2f3b508 1 -1 0 0
4443 e62b76d2cc7ed993eec015c937b035f0d30ef9f7 1 -1 0 0
4667 3a2fe5e8602b33be2045b674f85dea8b1ddef3c5 1 -1 0 0
5223 c0b9fe034021344e0f787a90a50aabdf87d685c6 1 -1 0 0
10447 ed285871bfb52c9c203957b6c8601463e18adaba 1 -1 0 0
11270 6151d63eacff2d3fc97de8f65a014fccf1f67abf 3 -3 6 0

  MEAN POSITIVE   3
   mean negative  3 
 mean commulative  0.6
 mean commulative  subtract0