1018 e66e2cf2f747917f787f341eb34ae96cedb68638 1 -1 0 0
1052 326e14b85393b7a2ae020c9b80d07458422f9ceb 1 -2 2 -1
2301 c327c9444383214a04a8d863fde89b1d494bd813 1 -1 0 0
2303 73c0f41e3b025701bd9962422fc281a7ac0678d0 1 -2 2 -1
3091 f838337b7a8be8466818346561afb7295ac60d12 1 -2 2 -1
3138 ca169d0262b9ac8afdc11ceea6790fa04ee64ae3 1 -2 2 -1
3947 62cef305aaff47438e7785dae519721c81e1c452 1 -1 0 0
4706 94e440000d30ce640abcaa1e2505f7ce4c382cc5 2 -1 2 1
6759 8f4b0deaaf3d9a4abdace5500d3a317402a4815b 1 -1 0 0
8079 f5270e45f771b3ed497b4e1f6d0cf02aeb1be97a 1 -1 0 0
8439 98002718c3124d32f98855287dbb106a036f8d61 2 -2 4 0

  MEAN POSITIVE   2
   mean negative  2 
 mean commulative  1.27
 mean commulative  subtract-0.27