619 954acd1a122c8982e2e74d85c9be1b4badc5ecec 1 -1 0 0
1450 864ea152167c241e2cb0593713b341c4c8e5aa7e 1 -2 2 -1
3492 8f292315e498914e0db2a56fd44fcee4a137282d 2 -1 2 1
3899 7136b01f88479496048637ef7f9eb59943edf3f8 1 -1 0 0
4706 94e440000d30ce640abcaa1e2505f7ce4c382cc5 2 -1 2 1
4852 95189e189e1018c382f40845b14f23ad769c671a 1 -1 0 0
6592 c991b41571b71b924bf23c86da6a861df774a83a 1 -1 0 0
7296 01e6c8daa613e61e2fc13dc9edcd850f88a5da99 1 -1 0 0
8141 ee15019eb874da84555f005115a17f5cbaf88a52 1 -1 0 0
8149 2b853505587610f6bae2c2c1bb9cfa201ed832d4 1 -1 0 0

  MEAN POSITIVE   2
   mean negative  2 
 mean commulative  0.6
 mean commulative  subtract0.1