60 d6301e103252f4d028e3382e613c3ae8289fe74f 1 -1 0 0
779 b07685803847c8fab69fe5cce887acfc0a288157 1 -1 0 0
825 55419885087453ffc4a711b22e96c1de565789af 1 -1 0 0
845 2e386937e63c6db3afcbf5932de8a535fb7250c3 1 -2 2 -1
1544 e74c43578e82988f8e38b488eeba30d5b1d6f897 1 -1 0 0
1554 dfdb672263973efe7761269b0b564b0c711531d8 1 -1 0 0
1579 db1287079742a46ce63b65e79998882153291fa1 2 -1 2 1
1588 22758fabe1f45ad474c045c3e0874a7fa4ffed80 1 -1 0 0
1902 a729ad78e5e4d08523fb700961bfe6aece5766ac 1 -1 0 0
2029 12771728abc819a923107073f651c77b4d8b1f9a 1 -2 2 -1
2301 b7fe401236a5d139027056b2e83119096d47c955 2 -2 4 0
2535 2a38b2a6a92d38519cbfb9ec0490406c99b3647c 1 -2 2 -1
2640 f9661a88d2a8816942195b0fdb4bde55119c13e3 1 -1 0 0
3048 4c6a7d3d5526eb39df0cbc7744322ff147a4099b 1 -1 0 0
3583 534fb3ff74db3f81b88117290d35995b95ca5f6a 1 -1 0 0
3990 d63daa805c8f3a67d3d6dcb17c5d2dc89974c1fa 1 -1 0 0
4273 5886b416d9d1281af2891c2e6b0ecc2d70a14406 1 -1 0 0
4847 1e5b72b6492f0ddc786f8792bef3fa7a72ffe5b2 1 -2 2 -1
5437 e005e9619a31057c41ce5e196d98c8b35f34e3c6 1 -1 0 0
5918 de3a1e233e214b0d881da305ce9f346ae4c92b05 1 -1 0 0
5928 7ed0ad351f508f6477049ff6c5caf2c25e844da4 1 -1 0 0
6270 727ee1c3d7a1092d52e99ce64d36e52674b8c553 1 -1 0 0
6338 898e63f91c853c6fa69c05f23ae952e4b0e2c115 2 -2 4 0
7171 d3583f1782a3ed36f874e7c931add352ac18a827 1 -2 2 -1
7441 a4e57881228f619c9b62b1999677eeb36267c282 1 -1 0 0
7477 69a4e9c63a0f5237b8df1e02476ddb27036c9743 1 -1 0 0
7702 52876bb9c48c8c06ae4344cd3bfc631395b9cfc6 1 -1 0 0
9118 68a9adca582691572f7e8be2c140e3293dd782d8 1 -1 0 0

  MEAN POSITIVE   2
   mean negative  2 
 mean commulative  0.71
 mean commulative  subtract-0.14