715 b76dc51cdb6594a3be423271915a917b34aa855b 1 -2 2 -1
1946 2e205b82fb60f43c3e6ee53362c00a11edb9b728 1 -1 0 0
2054 7a526a21e41b6b1a87155ff87649eaad21c2bcc9 1 -1 0 0
2301 b7fe401236a5d139027056b2e83119096d47c955 2 -2 4 0
3964 7fba126e661ddcbddc6b2ba1b635072208ef17eb 1 -1 0 0
4076 1adc2b22100828247aa90ad9ab33f2b4a384f1dc 1 -2 2 -1
4254 2ef5438a9558693f632b328f8393424ec3a362a3 1 -1 0 0
6782 acf2c4759837c041ba662e4dbbd529cf3343c659 1 -2 2 -1
7301 8006fa22b428262b7b04cd319e940f7be7b59af9 1 -1 0 0
7579 89260534a72466c42b673edda765eb0af7db970a 1 -2 2 -1
7655 5d0465045c42e062eed862de4c56e7a3cc2f8490 1 -1 0 0
8004 5829ef77bbd47dfeaa74ff72f7b664f75ecd6d04 1 -1 0 0
8086 7c56162cd19ef28717002d914b500108b315171d 1 -1 0 0
9261 1cd192dabfa51d0cbb768ecfec08a359d1e15783 1 -1 0 0

  MEAN POSITIVE   2
   mean negative  2 
 mean commulative  0.86
 mean commulative  subtract-0.29