845 2e386937e63c6db3afcbf5932de8a535fb7250c3 1 -2 2 -1
1521 2592b5f58c67f51bfd4e3d28cb4d681b4373d7e8 1 -1 0 0
1544 e74c43578e82988f8e38b488eeba30d5b1d6f897 1 -1 0 0
2250 082f45d9255bb858c06e31b750ee465e0d6a25c3 1 -1 0 0
3048 4c6a7d3d5526eb39df0cbc7744322ff147a4099b 1 -1 0 0
3362 36cf8dfa85d5bf3d060531f5e41f205bbaae6917 1 -1 0 0
3368 150db7eb6d318e1f037e0660f11cd2ef74bd3100 1 -1 0 0
3848 bfd57c2534996e1492169d49b28497116ddbcf1a 1 -2 2 -1
3990 d63daa805c8f3a67d3d6dcb17c5d2dc89974c1fa 1 -1 0 0
4847 1e5b72b6492f0ddc786f8792bef3fa7a72ffe5b2 1 -2 2 -1
5765 f682ebaa88955ecd7d00ee0c082604771537c489 1 -1 0 0
6338 898e63f91c853c6fa69c05f23ae952e4b0e2c115 2 -2 4 0
7134 dc168ec71ed997c29037b072b0cfd9ce25fb905e 1 -1 0 0
7135 6b73ff83e8281fa4cade5e62a1696c98e1d45c2e 1 -1 0 0
7171 d3583f1782a3ed36f874e7c931add352ac18a827 1 -2 2 -1
7702 52876bb9c48c8c06ae4344cd3bfc631395b9cfc6 1 -1 0 0
7854 7060c44afe462ece74ee6d305881fc2209adf632 1 -1 0 0
8047 49020832bdcaece40d533d3f6bb6d9e1e4b2d16f 1 -1 0 0
8106 894b83d5895a87a07877f34585361d1a3693f236 1 -1 0 0

  MEAN POSITIVE   2
   mean negative  2 
 mean commulative  0.63
 mean commulative  subtract-0.21