678 abfd2cea8f3fb9fcd6ffc7de639ef9effb010a98 1 -1 0 0
1105 deaebb86a23ccf53bb9e5adcc69dd6b9619eb043 1 -1 0 0
1131 63d4d9da1562a5b7441f2df1bed444aac80ebfb7 2 -1 2 1
2138 1d2769908af8183e1e654dcbf2e970431e282abb 1 -1 0 0
2903 35584aef5649df60bb98c06f41bb8e57f514790b 1 -1 0 0
3280 0a2a795e0053c86d2f300a56c831a3f8883765cc 2 -2 4 0
4300 1256696ff6a9e4f63c2ab75cea69c72035710400 1 -1 0 0
4604 8cb785b3b902f1bb4c2532e65c197154ad6e6e24 1 -1 0 0
4880 ecc3d607c76cb42a94f0f8fd0b6082a22701d54f 1 -2 2 -1
4904 fa47b5b35ef41c8e39db88f2ace84448649c5b0b 1 -1 0 0
5712 e169d669a962006e52fab806f59ac350327bb3ac 1 -1 0 0
5847 ddc6b34cd2e705c2ca862880c4925778646c5836 1 -1 0 0
6545 52e584e5441e0c5b31204cc01bf02ab629d818c3 1 -1 0 0
6689 3e11e6d26654e095c5065ba54871f01ae67dbf26 2 -3 5 -1
6768 aa7c9e3e22ef9deef291504089c367ece9a157df 1 -1 0 0
6830 953215d2a530a5bff2e12ef442014f87e51e3e9a 1 -1 0 0
6940 14b10901180210b25dd317ad2cfad027552d5159 1 -1 0 0
6992 bd9f01edc03543b336be57e3967de5d5fea844ce 1 -1 0 0
6999 537b42fbfe3f5239913432460f7a0ea9aad803ab 1 -2 2 -1
7045 d365ebe49ecf62636b2e9344b9adc3fe9ae6f7d5 1 -1 0 0
7053 bf816f6972a70785837ccb7dc43f041ab4347b7d 1 -1 0 0
7243 e442f669288d128a1184a44f67c31bf0476f0a22 1 -2 2 -1
7295 67e5503f3e149f44ffd93be3df1bfc13de5bb540 1 -1 0 0
7302 84d2c28ec9b24ef25abb76e8eb4d20372138c675 1 -1 0 0
7312 b59caf25a9149ae9a7da17f5c412893a01bfc57c 1 -1 0 0
7362 b4dce0c7d86f02760a32054e5ee3dc2bb6552b5b 1 -1 0 0
7419 71f73461687622b0807fe33f44c35eff1062d6ea 1 -1 0 0
7982 41e54f296649a04f887dacc8241e4de047ac2eea 1 -1 0 0
8181 bec1f4eefad5dbfab015a6cd9c47d24ba35174c5 1 -1 0 0
8184 fda0c8297f8fbdcf3f5841c3e88594b83e95e572 1 -1 0 0
8281 9aea88ab2043305f5910e7a41d1235c0550f3865 1 -1 0 0
8362 e939b31660c460daea63b837bec9ebc0ea57cc3e 1 -1 0 0
8374 10e888884e30d89778841910b733e63a393f1aad 2 -1 2 1
8409 a43ca456869d420d87dbfc38c3ec06d8ee314b2d 2 -1 2 1
8412 75f9dc1a97ddb30851a3cdd33cbbc65cfc21bcc4 1 -1 0 0
8434 275a6f10856246347c6d5a6b12c224eded9aeeb4 1 -1 0 0
8446 71d095963287e7eaf9ffc7be548eaf37186e3a53 1 -2 2 -1
8512 82e2eb92d62e0a2dcc98b4042c36c9e879082608 1 -1 0 0
8513 91260f442e21d54f55a62bf3af9ad0bd5b7dce85 1 -1 0 0
8514 6826e651afb31aa9a93c35c62fab4044ddde4a25 2 -1 2 1
8515 74be2c3b77e25b6b79a32282f2a960d902b09c33 1 -1 0 0
8516 f14f8f621f0a7d23cdfc2ba88581de4ffe246d4d 1 -1 0 0
8521 30ca70b5ff698a7ef445bd5405467c2eeb6df052 1 -1 0 0
8537 7b10b877a09392d3cb60092a62fc49de856ee55f 1 -1 0 0
8608 e2fd3a12648971f2d616230e41f003670c417e35 1 -1 0 0
8617 94e3a9e6b8c910201acd686bae969d45b51046a7 1 -1 0 0
8658 381f38767a4d03111f036e7dceaf4dfb67dc883b 1 -1 0 0
8661 43f24564322456abdf1e7c7e84e25edb393a0010 1 -1 0 0
8703 c36aaaa4c946dc2310b702b2865a13a022c2ff1a 2 -1 2 1
8865 d0c9575bfec990d74abade133fa79bbaa0f862fc 1 -1 0 0
8964 affdb619a5880ecb8f2b904ef38e329b7d883e96 1 -1 0 0
9572 e3f4b90c0bfe784ef977cbe8616398ae7b3ac415 1 -1 0 0
9787 510da4f6d49b75188cfd8dfe04328552b83da106 1 -1 0 0
9815 d9e147ddcc9de27e1a4f1ea653ef05f68bb611b8 1 -1 0 0
9905 d6c13b39cc8e66f663368161872403bf45f20e3e 1 -1 0 0
10031 071e858472022a580ae4713dd9711145d61debff 1 -1 0 0
10167 672695f92cd49c752296cf0400a1486acb3e38f4 1 -1 0 0
10173 47dfa0eab47065df83ebb09f300377678a1be5b4 1 -1 0 0
10352 0da66f6f1f4c0f567ff283da37fe206fd78aac87 1 -1 0 0
10460 bb6cab37026a07d5411012d33ff88bbdc471aaa6 2 -1 2 1
10690 3fffb2177d310b5d994ec26739515b004dc85d40 1 -1 0 0
10750 2ca56c7061f54199987871297f1cf4660fb0a499 1 -1 0 0
10862 46092911ca5262d6d13ad6f8247c5856854c0536 1 -1 0 0
11479 71e005f7f7a72bf9277a4447ea36299c273b70c9 1 -1 0 0
11483 66cc58f5b1355820e105ba70ddf6583a18c2deed 1 -1 0 0

  MEAN POSITIVE   2
   mean negative  2.17 
 mean commulative  0.45
 mean commulative  subtract0.02