411 572510587defa1ed4453ecf255b3e205b0305291 1 -1 0 0
678 abfd2cea8f3fb9fcd6ffc7de639ef9effb010a98 1 -1 0 0
1544 6d3a9bb871abbd3c8106a1d6e1030d968b994a9a 1 -1 0 0
4300 1256696ff6a9e4f63c2ab75cea69c72035710400 1 -1 0 0
4972 dc217ae93f7ae8fe4a57b0ce66a315f0aba40b6f 1 -1 0 0
5047 8fa71f64f8983a2472723543630a2e7c7e415815 1 -1 0 0
5754 2a48feaac555fc0d7e80e5e080380fd4038a8d51 2 -2 4 0
6766 8aca608f33c7eb65c37dc4532bb6befddd5f7a4f 1 -1 0 0
7043 02b99d61f5a2613a311918ad18f2448672c38c5d 1 -1 0 0
7285 4418b424b86b2e1c2332e02c5084240dddd95273 2 -1 2 1
7454 1c6ab890332fcd9b1bfac77bb8d89500175ece8a 1 -1 0 0
8175 18fe7f522dce50c7285aa235a5373a6106d8ef95 1 -2 2 -1
8446 71d095963287e7eaf9ffc7be548eaf37186e3a53 1 -2 2 -1
8451 f3d674b9dce93561480f47fb258fb7af3d25164c 1 -1 0 0
8512 82e2eb92d62e0a2dcc98b4042c36c9e879082608 1 -1 0 0
8515 74be2c3b77e25b6b79a32282f2a960d902b09c33 1 -1 0 0
8660 cc2ec8f76e26d548344300dfaae9df36ba14a4ab 1 -2 2 -1
8829 0cc0bf6fc5010b666b1e69af9bca1667fb8835a8 1 -2 2 -1
9210 612f89faa3762cd06e0ad24bd1cc3af27613db84 1 -1 0 0
9392 36d732a4988c2a10ce106ccf7ee007054683fbf0 1 -1 0 0
9807 0100020d61b94a8238e965730a6b11cf3e237731 1 -1 0 0
10110 c60ee054c66608cfe3791237399614f9cfaae375 2 -1 2 1
10162 9d6c500664c810ccfade187a1899864d3d6ca2f1 1 -1 0 0
10381 0135ec0219a187cd83ff38a264159d8a2f75b6f0 1 -1 0 0
10460 bb6cab37026a07d5411012d33ff88bbdc471aaa6 2 -1 2 1
10750 2ca56c7061f54199987871297f1cf4660fb0a499 1 -1 0 0
10932 202855e9f1caeb97282a76cd66c2ebd1612735d5 1 -1 0 0

  MEAN POSITIVE   2
   mean negative  2 
 mean commulative  0.67
 mean commulative  subtract-0.04