152 3e353f5a56bbfd4f48b36baeec121f672d284010 2 -1 2 1
439 ccfdc59485b76a0b9418395181d32c3158059c8e 1 -1 0 0
1784 7601e7f4fc4c5ddbf699e034f22090242598ce8d 3 -1 3 2
2161 4373cdc39d8ec74da955ef12acfd6ed3caee4d8e 1 -1 0 0
2472 a265ecac1dc4eb785f890453cf28c573948aa9e7 1 -1 0 0
5477 dd69d1db1062fc93bc68b2d4200c0f63beef9f33 1 -1 0 0
5712 a432bfcdda5e5318860a59e47012b2ee144b8063 1 -1 0 0
5862 e6db3ed012e40569ea836df83076bed48061f7bd 1 -1 0 0
8180 37c5d669b0262e8c344d48c28f3fdf4bc0184c08 2 -1 2 1
8267 9404564acab17fd9b4a3a002d4ffa521e5596022 1 -1 0 0
8741 0bdc30c04c08d9a91890ce012733cc37d90ca62c 1 -3 3 -2
8864 c3b7d988d99b3268feaf0b63415fa50a5bdd6f44 1 -1 0 0
9164 80b0b056a6061327d0627fba57bf592a5115e7df 1 -1 0 0
9165 a91ec248facf28fab8c056fd0178ea72f9856f30 1 -1 0 0

  MEAN POSITIVE   2.33
   mean negative  3 
 mean commulative  0.71
 mean commulative  subtract0.14