3137 7a891b5c83357dbeea2bbe4a5335ae685501e21c 1 -1 0 0
3236 9531eea15052eccc004b5f853ab4452becf7a8ab 2 -1 2 1
3395 e9af8901fc4ed7c05d085e2e492f5dcc857f0146 2 -2 4 0
4320 d7fd1b88b89ca762afe5609d84a8eedfb611cbe1 1 -3 3 -2
4566 6c78b7b94c232063ec559436b48b33751373ecf1 2 -2 4 0
5785 059dbc04218144f985b20a228bbe98139d400d0c 2 -2 4 0
6113 204cab3c22b4d75c866c95e2d2eec42e14cbd924 2 -2 4 0
6197 bcfb325d5b1f9529b439cc0805a1c140521510f7 2 -2 4 0
6786 c7fd8fd75e74f59e583df1e4fea0d221891e2000 1 -1 0 0
7027 a1df197865bf7c86448ad5434ac56e6a9020e2d1 2 -2 4 0

  MEAN POSITIVE   2
   mean negative  2.14 
 mean commulative  2.9
 mean commulative  subtract-0.1