1284 6776c67ac12161b3e5e25c8848b46656ea91be1d 2 -1 2 1
2258 51bfee595c3ce587e2e26565fd9e8f4ae02c3482 2 -1 2 1
4343 4e464247619fb9c37c45f427ca0f301760244afc 1 -1 0 0
4344 993f6ecf4065501433271b5fd5daf21a6f3ae586 1 -1 0 0
11046 2c12ed9e4b6625019f0101b02737dbe4a31be224 1 -1 0 0
11056 2c88a877f88b142fa8fd36c1773ab484b5fd7338 1 -2 2 -1
11064 e78c1879058571c00879f0d3e756951302adf513 1 -1 0 0
11700 436b29e68e6608bed9e8e7d54385b8f62d89208e 1 -1 0 0
13230 d79934731c8d33f6fc63b21c120b9ffba5d06f54 1 -1 0 0

  MEAN POSITIVE   2
   mean negative  2 
 mean commulative  0.67
 mean commulative  subtract0.11