814 ee3987475e1d29e8355bdb9e068149eb01e3fd43 1 -1 0 0
1540 4ad687a0d841dd10470c79007575ee2a9ec2894e 1 -1 0 0
1544 d3446c5708aff2580d4ddb9f559e72784bfac55e 1 -1 0 0
1590 4e4cdeffdb6087c953f44808f14f18554a749bda 2 -2 4 0
1761 eac9c273dc23fb4eeae17ff2db07ce01325d6bc6 1 -1 0 0
1762 5160536df91bb9daa6cac9a878ce406deda791c6 1 -1 0 0
11700 436b29e68e6608bed9e8e7d54385b8f62d89208e 1 -1 0 0
13169 0f4f2f3a81f2a6d7100b4cff0d8de062cb2bc8f6 1 -3 3 -2

  MEAN POSITIVE   2
   mean negative  2.5 
 mean commulative  0.88
 mean commulative  subtract-0.25