2509 10c34ec2cd92d9bced2aec62d7cbef6cfa61fb42 1 -1 0 0
3646 64dc4fee888d4a2a9b6f40310b7abbc18f4d0d85 1 -1 0 0
4138 7f34dda42e343a462a4ea0b3dfd4b55d8a5cd4f3 2 -2 4 0
4203 8c04d3e4bbc137ffc17a1c2499f0ecaf9515bf91 1 -1 0 0
4208 14a4892f13d7d1ec9219e19acae920f6daee6dd4 1 -1 0 0
4579 d802ac17678259df1d7dad81592aa19685cf9593 1 -1 0 0
6651 be308eddc3cf9974ae8dcc481c8a184cf495fe93 1 -1 0 0
6774 3971b66341e745a09689ba19f6eee428e6ce9afa 1 -1 0 0
6880 dcd03b73674200c23d494efae31e80158aa89ce4 1 -2 2 -1
7726 17c4c4f6232ba7f82de79f74077fd70d0dfd15da 1 -1 0 0
7802 efa4e3f87384457ef145784c234642bc95931d6a 1 -1 0 0
8380 e1e4b358813a14c186fdca99a9ac33b916885886 1 -1 0 0

  MEAN POSITIVE   2
   mean negative  2 
 mean commulative  0.5
 mean commulative  subtract-0.08