2493 8dca9bdd82efade29ce38632234ef27e9cc7da9b 2 -2 4 0
4138 7f34dda42e343a462a4ea0b3dfd4b55d8a5cd4f3 2 -2 4 0
4207 2135d29631c69371b2515162a3de9197ab773a72 1 -1 0 0
4754 f799c17b696fecc6646ef9931e57dfef1f2816ed 1 -1 0 0
4797 8a9b98143d1787418ea6bdfab32ea7ed052f6d08 1 -1 0 0
6880 dcd03b73674200c23d494efae31e80158aa89ce4 1 -2 2 -1
7171 3c2674df97c391c9d47fb03ff6e3404641e44473 1 -1 0 0
7477 9b0ad5a502e58329524a4d66532f7ebedf99f0c0 1 -2 2 -1

  MEAN POSITIVE   2
   mean negative  2 
 mean commulative  1.5
 mean commulative  subtract-0.25