268 e1c23336ba92477dece7770f38c88072e5dd7e19 2 -2 4 0
1696 1442ddd1402c976360c1a0ded6ddf02a662453fd 1 -1 0 0
2386 c6a2693339b2cd321d9554498f668e039c6fc66f 1 -2 2 -1
2387 92c2ec5e4af295790d03e0eec975fd524e5639b1 1 -1 0 0
3292 60339a5f4a250070fc954f1cb8cd0ad10e4b6b8a 1 -1 0 0
3295 05a76ab018893d5f97916b6ced96d9cdf260674b 1 -1 0 0
3296 5d43e3d2beadddb37c4d17d1732b32a3bea227e0 1 -1 0 0
3390 87903621ac0672928e010d98b533271258d2095c 1 -1 0 0
3683 582740db096c3c66cbf9d92903f898229cf87b96 1 -1 0 0
4796 60db797e8e248ac6a25de7ee407356e93f9a1642 1 -1 0 0
4926 ee20501a9ab0951ab3f9f0b1a440f9a702af5352 1 -2 2 -1
8709 ff7d82ff161d5223ee7dbf9d15875d3b9e82b1e4 1 -1 0 0

  MEAN POSITIVE   2
   mean negative  2 
 mean commulative  0.67
 mean commulative  subtract-0.17