31 8a51f9e5121a4cff75fbc7ddaf0b7eea9c9d4e10 1 -1 0 0
1512 91e83d242486046a7612fee6d08be568768deaa2 1 -1 0 0
1860 4648efa59b8e18c03ca63036a477cd89901eb0d2 1 -1 0 0
2201 f3ba964d554fa3120a5c1c56136d2013f2ec4b6d 1 -1 0 0
4446 4c3d71313b1a3c99beca5ec9ea7db28ae4bd8577 1 -1 0 0
4520 34bf67ecf1f04bebd912978ff824668d06a6839e 1 -1 0 0
4820 62cef305aaff47438e7785dae519721c81e1c452 1 -1 0 0
7632 8f4b0deaaf3d9a4abdace5500d3a317402a4815b 1 -1 0 0
9280 52de04e862d30916a054d4e7afa8a8ff24aacebd 1 -2 2 -1
9301 4465e49559749eb81ce10be6f695abf20392a1bf 1 -1 0 0
9312 98002718c3124d32f98855287dbb106a036f8d61 2 -2 4 0
9535 78563d686faddf073e0f9862e4ee720d192baa81 1 -1 0 0

  MEAN POSITIVE   2
   mean negative  2 
 mean commulative  0.5
 mean commulative  subtract-0.08