1410 a8e22985d7866fb0528d85d9710a5bc0f482d91a 1 -1 0 0
2024 2c228d8d7a0180f4756e018bc90dabfad60e6caa 1 -1 0 0
2203 3af2e4c35c898d61b6268f22123135b403b3fa3b 1 -1 0 0
7247 6776c67ac12161b3e5e25c8848b46656ea91be1d 2 -1 2 1
8221 51bfee595c3ce587e2e26565fd9e8f4ae02c3482 2 -1 2 1
10307 4e464247619fb9c37c45f427ca0f301760244afc 1 -1 0 0
10308 993f6ecf4065501433271b5fd5daf21a6f3ae586 1 -1 0 0
17010 2c12ed9e4b6625019f0101b02737dbe4a31be224 1 -1 0 0
17020 2c88a877f88b142fa8fd36c1773ab484b5fd7338 1 -2 2 -1
17028 e78c1879058571c00879f0d3e756951302adf513 1 -1 0 0
17664 436b29e68e6608bed9e8e7d54385b8f62d89208e 1 -1 0 0
19194 d79934731c8d33f6fc63b21c120b9ffba5d06f54 1 -1 0 0

  MEAN POSITIVE   2
   mean negative  2 
 mean commulative  0.5
 mean commulative  subtract0.08